              precision    recall  f1-score   support

           0       0.00      0.00      0.00         0
           1       0.39      0.04      0.08      1694
           2       0.53      0.83      0.65      5322
           3       0.46      0.32      0.38      3291
           4       0.00      0.00      0.00       469
           5       0.00      0.00      0.00        20

   micro avg       0.51      0.51      0.51     10796
   macro avg       0.23      0.20      0.18     10796
weighted avg       0.47      0.51      0.45     10796
              precision    recall  f1-score   support

           1       0.62      0.40      0.49      1694
           2       0.65      0.76      0.70      5322
           3       0.61      0.62      0.62      3291
           4       0.43      0.10      0.17       469
           5       0.00      0.00      0.00        20

   micro avg       0.63      0.63      0.63     10796
   macro avg       0.46      0.38      0.39     10796
weighted avg       0.62      0.63      0.62     10796
0              precision    recall  f1-score   support

           0       0.00      0.00      0.00         0
           1       0.55      0.11      0.18      1643
           2       0.58      0.79      0.67      5308
           3       0.55      0.52      0.54      3315
           4       0.33      0.04      0.07       507
           5       0.00      0.00      0.00        23

   micro avg       0.57      0.57      0.57     10796
   macro avg       0.34      0.24      0.24     10796
weighted avg       0.55      0.57      0.53     10796
1              precision    recall  f1-score   support

           1       0.61      0.42      0.50      1643
           2       0.65      0.76      0.70      5308
           3       0.61      0.62      0.62      3315
           4       0.39      0.09      0.15       507
           5       0.00      0.00      0.00        23

   micro avg       0.63      0.63      0.63     10796
   macro avg       0.45      0.38      0.39     10796
weighted avg       0.62      0.63      0.62     10796
2              precision    recall  f1-score   support

           1       0.68      0.51      0.58      1643
           2       0.70      0.78      0.74      5308
           3       0.65      0.71      0.68      3315
           4       0.61      0.09      0.15       507
           5       0.00      0.00      0.00        23

   micro avg       0.68      0.68      0.68     10796
   macro avg       0.53      0.42      0.43     10796
weighted avg       0.68      0.68      0.67     10796
3              precision    recall  f1-score   support

           1       0.68      0.53      0.60      1643
           2       0.71      0.78      0.74      5308
           3       0.66      0.70      0.68      3315
           4       0.58      0.16      0.25       507
           5       0.00      0.00      0.00        23

   micro avg       0.69      0.69      0.69     10796
   macro avg       0.53      0.43      0.45     10796
weighted avg       0.68      0.69      0.68     10796
