10
20
40
50
60
70
80
100
110
130
140
160
190
200
210
240
250
260
270
280
290
300
330
340
350
360
370
380
390
400
410
420
430
440
450
460
470
480
490
500
510
520
530
540
550
560
570
580
590
600
610
620
630
640
650
660
670
680
700
710
720
730
740
750
760
770
780
790
800
810
820
830
840
850
860
870
880
890
900
910
920
930
940
950
960
970
980
990
1000
1010
1020
1030
1040
1050
1060
1070
1080
1090
1100
1110
1120
1130
1140
1150
1160
1170
1180
1190
1200
1210
1220
1230
1240
1250
1260
1270
1280
1290
1310
41
180
690
1300
1320
1330
1340
1350
1360
1370
1390
1400
1410
1420
1430
1440
1450
1460
1470
1480
1490
1500
1510
1520
1530
1540
1550
1560
1570
1580
1590
1600
1610
1620
1630
1640
1650
1660
1670
1680
1690
1700
1710
1720
1730
1740
1760
1770
1780
1790
1800
1810
1820
1830
1840
1850
1860
1870
1880
1890
1900
1910
1920
1930
1940
1950
1960
1970
1980
1990
2000
2010
2020
2030
2040
2050
2060
2070
2080
2090
2110
2120
2130
2140
2150
2160
2170
2180
2190
2200
2210
2220
2230
2240
2250
2270
2300
2320
2340
2370
2380
2400
2430
2450
2470
2480
2490
2500
2510
2520
2530
2540
2570
2580
2590
2600
2620
2630
2650
2660
2730
2740
2750
2770
2780
2830
2840
2900
30
90
120
170
220
310
320
150
230
11
1380
12
2410
2440
2820
2860
2940
3000
3020
3030
3050
3100
3120
3130
3150
3180
3200
3210
3250
3270
3290
3310
3320
3330
3340
3350
3360
3380
3410
3430
3450
3490
3590
3710
3880
3890
3910
4040
4070
105
141
3280
3300
3370
24
44
32
261
7700
9100
10050
10070
10090
10130
10140
10150
10170
10190
10210
10230
10240
10260
10300
10310
10320
10330
10380
10420
10440
10470
10490
10540
10580
10610
10680
10710
10730
10740
10750
10790
10800
10830
10860
10890
10900
10940
10950
11050
11110
11120
11130
11170
11230
11240
11260
11270
11340
11350
11380
11480
11540
11580
11600
11610
11680
11710
11820
11940
11950
11980
12020
12030
12100
12150
12210
12230
12240
12250
12260
12280
12300
12350
12370
12450
12470
12500
12570
12580
12610
12630
12640
12780
1