8.005241751670837402e-01
8.084894418716430664e-01
8.085876703262329102e-01
8.057561516761779785e-01
8.002414703369140625e-01
8.057319521903991699e-01
8.001096248626708984e-01
8.016210794448852539e-01
8.000169396400451660e-01
8.001624345779418945e-01
8.023009896278381348e-01
8.026580214500427246e-01
8.054933547973632812e-01
8.044605851173400879e-01
8.039603233337402344e-01
8.151735663414001465e-01
8.284718990325927734e-01
8.003212213516235352e-01
8.001852631568908691e-01
8.441195487976074219e-01
8.001203536987304688e-01
8.009071946144104004e-01
8.000192642211914062e-01
8.395879268646240234e-01
8.013979792594909668e-01
8.007233738899230957e-01
8.334622383117675781e-01
8.106681108474731445e-01
8.010018467903137207e-01
8.001874685287475586e-01
8.017091751098632812e-01
8.006953001022338867e-01
8.012833595275878906e-01
8.014806509017944336e-01
8.039159178733825684e-01
8.101667761802673340e-01
8.033725619316101074e-01
8.007385134696960449e-01
8.001145124435424805e-01
8.042234778404235840e-01
8.000231981277465820e-01
8.015273213386535645e-01
8.233169317245483398e-01
8.001241087913513184e-01
8.001750707626342773e-01
8.098946809768676758e-01
8.003386259078979492e-01
8.062408566474914551e-01
8.020291328430175781e-01
8.133268952369689941e-01
8.000950813293457031e-01
8.003218770027160645e-01
8.010377287864685059e-01
8.058947920799255371e-01
8.243455290794372559e-01
8.023255467414855957e-01
8.090833425521850586e-01
8.181431293487548828e-01
8.000388145446777344e-01
8.022882938385009766e-01
8.012793660163879395e-01
8.090422153472900391e-01
8.053326010704040527e-01
8.050885200500488281e-01
8.001381158828735352e-01
8.099354505538940430e-01
8.287793993949890137e-01
8.007350564002990723e-01
8.079833388328552246e-01
8.035671114921569824e-01
8.342034816741943359e-01
8.015092015266418457e-01
8.023762106895446777e-01
8.020232319831848145e-01
8.005664944648742676e-01
8.013733029365539551e-01
8.259387612342834473e-01
8.019993305206298828e-01
8.077376484870910645e-01
8.000323772430419922e-01
8.002073168754577637e-01
8.076978325843811035e-01
8.082743883132934570e-01
8.714610338211059570e-01
8.047344088554382324e-01
8.046037554740905762e-01
8.054028153419494629e-01
8.003006577491760254e-01
8.362717628479003906e-01
8.010902404785156250e-01
8.129551410675048828e-01
8.011837005615234375e-01
8.030073642730712891e-01
8.021233081817626953e-01
8.060272932052612305e-01
8.133398890495300293e-01
8.004264831542968750e-01
8.012450933456420898e-01
8.097229003906250000e-01
8.002309203147888184e-01
8.049060702323913574e-01
8.007731437683105469e-01
8.023477196693420410e-01
8.495326638221740723e-01
8.092491030693054199e-01
8.000965118408203125e-01
8.174629807472229004e-01
8.030794858932495117e-01
8.582953810691833496e-01
8.127520680427551270e-01
8.096032738685607910e-01
8.114559054374694824e-01
8.342518210411071777e-01
8.040796518325805664e-01
8.624799251556396484e-01
8.461636304855346680e-01
8.749717473983764648e-01
8.094049096107482910e-01
8.074436187744140625e-01
8.002887964248657227e-01
8.415505290031433105e-01
8.000650405883789062e-01
8.282692432403564453e-01
8.148458600044250488e-01
8.122004270553588867e-01
8.238384723663330078e-01
8.075098991394042969e-01
8.234022855758666992e-01
8.523471355438232422e-01
8.454098105430603027e-01
8.068091869354248047e-01
8.000726699829101562e-01
8.518637418746948242e-01
8.326901793479919434e-01
8.016005754470825195e-01
8.022871613502502441e-01
8.204655051231384277e-01
8.170585036277770996e-01
8.092576265335083008e-01
8.020461797714233398e-01
8.057289719581604004e-01
8.446927666664123535e-01
8.110892772674560547e-01
8.001623153686523438e-01
8.056526184082031250e-01
8.000881075859069824e-01
8.155499696731567383e-01
8.049088716506958008e-01
8.088461160659790039e-01
8.154283165931701660e-01
8.258307576179504395e-01
8.266652226448059082e-01
8.566772937774658203e-01
8.180373907089233398e-01
8.000409007072448730e-01
8.084576725959777832e-01
8.024536967277526855e-01
8.001117706298828125e-01
8.078782558441162109e-01
8.065682649612426758e-01
8.114280700683593750e-01
8.136113882064819336e-01
8.340545892715454102e-01
8.063606619834899902e-01
8.077316880226135254e-01
8.328987360000610352e-01
8.313721418380737305e-01
8.028628826141357422e-01
8.163673877716064453e-01
8.025611042976379395e-01
8.052346110343933105e-01
8.002268671989440918e-01
8.097565174102783203e-01
8.280080556869506836e-01
8.015314340591430664e-01
8.149186372756958008e-01
8.533607125282287598e-01
8.005890846252441406e-01
8.308506608009338379e-01
8.074185252189636230e-01
8.128387331962585449e-01
8.360893726348876953e-01
8.928318023681640625e-01
8.110368847846984863e-01
8.054740428924560547e-01
8.039137125015258789e-01
8.001248836517333984e-01
8.003947734832763672e-01
8.261528611183166504e-01
8.087640404701232910e-01
8.106403946876525879e-01
8.000888824462890625e-01
8.308340311050415039e-01
8.597064614295959473e-01
8.031440973281860352e-01
8.867857456207275391e-01
9.428861141204833984e-01
9.409880638122558594e-01
8.569439053535461426e-01
8.554113507270812988e-01
8.144751191139221191e-01
9.342727065086364746e-01
9.374804496765136719e-01
8.045161962509155273e-01
8.232642412185668945e-01
8.645927309989929199e-01
9.232265353202819824e-01
8.199459910392761230e-01
9.445526003837585449e-01
8.339946269989013672e-01
9.409880638122558594e-01
9.381287097930908203e-01
9.343575835227966309e-01
8.236854076385498047e-01
8.016496896743774414e-01
8.346648216247558594e-01
9.295597076416015625e-01
8.048738837242126465e-01
8.140763044357299805e-01
8.765302896499633789e-01
9.389323592185974121e-01
8.187211155891418457e-01
8.294416666030883789e-01
9.388208389282226562e-01
8.187081217765808105e-01
8.762316107749938965e-01
9.257583022117614746e-01
8.343691825866699219e-01
9.303098917007446289e-01
8.299931287765502930e-01
8.214462995529174805e-01
8.241295218467712402e-01
9.133651852607727051e-01
8.842723369598388672e-01
8.471051454544067383e-01
8.146684169769287109e-01
8.472476601600646973e-01
8.291370272636413574e-01
8.671294450759887695e-01
9.238447546958923340e-01
8.318701386451721191e-01
9.393308162689208984e-01
8.176568746566772461e-01
8.117713332176208496e-01
9.348489642143249512e-01
9.395024776458740234e-01
8.293264508247375488e-01
8.233817815780639648e-01
8.156893253326416016e-01
8.150815963745117188e-01
9.140430688858032227e-01
8.522192239761352539e-01
8.021448254585266113e-01
8.131704330444335938e-01
9.225195050239562988e-01
8.314058184623718262e-01
8.338630199432373047e-01
8.726742863655090332e-01
8.589434027671813965e-01
9.050041437149047852e-01
9.386325478553771973e-01
8.819029927253723145e-01
8.606382608413696289e-01
8.907673954963684082e-01
8.210552930831909180e-01
9.104108214378356934e-01
8.487978577613830566e-01
8.263769745826721191e-01
8.881291151046752930e-01
8.542007207870483398e-01
8.114949464797973633e-01
9.363936781883239746e-01
8.050740957260131836e-01
8.408931493759155273e-01
8.492282032966613770e-01
8.356139659881591797e-01
8.225938677787780762e-01
8.239728212356567383e-01
8.234630823135375977e-01
8.214688301086425781e-01
8.269839882850646973e-01
8.131967186927795410e-01
8.224033117294311523e-01
9.147213101387023926e-01
8.070456981658935547e-01
8.171651363372802734e-01
8.071910142898559570e-01
9.024809598922729492e-01
9.277750849723815918e-01
8.178462982177734375e-01
8.130154609680175781e-01
8.472508192062377930e-01
8.026711344718933105e-01
8.436275720596313477e-01
8.565510511398315430e-01
9.090262651443481445e-01
9.405144453048706055e-01
8.633229732513427734e-01
9.351714253425598145e-01
8.476114869117736816e-01
8.042743206024169922e-01
8.470963835716247559e-01
8.010537624359130859e-01
8.075700998306274414e-01
8.772560954093933105e-01
9.211730957031250000e-01
8.090081214904785156e-01
8.799476623535156250e-01
9.254158735275268555e-01
8.289850950241088867e-01
8.858922719955444336e-01
7.909352779388427734e-01
7.559231519699096680e-01
7.994384169578552246e-01
4.373448193073272705e-01
7.990570664405822754e-01
8.000563979148864746e-01
7.998343706130981445e-01
8.795951008796691895e-01
8.030529022216796875e-01
8.142207264900207520e-01
8.000602126121520996e-01
9.055625200271606445e-01
8.487651944160461426e-01
8.000419139862060547e-01
7.321545481681823730e-01
8.259254097938537598e-01
7.996641397476196289e-01
7.962658405303955078e-01
8.000000715255737305e-01
7.439846992492675781e-01
6.194378137588500977e-01
8.281664848327636719e-01
8.413063287734985352e-01
6.355994939804077148e-01
7.957180142402648926e-01
8.385050892829895020e-01
8.195451498031616211e-01
5.409985184669494629e-01
8.042964935302734375e-01
8.000039458274841309e-01
7.973741888999938965e-01
8.000003695487976074e-01
7.826848626136779785e-01
7.923771142959594727e-01
8.218213319778442383e-01
7.184303402900695801e-01
8.248701691627502441e-01
7.986969351768493652e-01
8.000138998031616211e-01
8.000640273094177246e-01
8.000003695487976074e-01
8.360430002212524414e-01
8.003292679786682129e-01
7.240122556686401367e-01
7.994297146797180176e-01
8.255978822708129883e-01
8.000000119209289551e-01
7.966091632843017578e-01
8.071905970573425293e-01
8.535356521606445312e-01
8.795870542526245117e-01
4.687850177288055420e-01
8.433923125267028809e-01
8.001399040222167969e-01
8.000664114952087402e-01
8.187091350555419922e-01
8.002135753631591797e-01
7.883447408676147461e-01
7.985302209854125977e-01
8.000053763389587402e-01
7.487077116966247559e-01
7.710456252098083496e-01
8.393194675445556641e-01
8.000004887580871582e-01
7.981774210929870605e-01
8.787424564361572266e-01
8.838474750518798828e-01
8.005110621452331543e-01
8.654333949089050293e-01
9.088239073753356934e-01
8.325093984603881836e-01
8.007913231849670410e-01
8.007194995880126953e-01
8.005109429359436035e-01
8.005818724632263184e-01
9.136931896209716797e-01
9.033518433570861816e-01
8.004115223884582520e-01
8.019657731056213379e-01
8.010528087615966797e-01
8.150298595428466797e-01
8.000000119209289551e-01
8.000000119209289551e-01
8.000000119209289551e-01
8.003323674201965332e-01
7.999988794326782227e-01
8.077114224433898926e-01
8.000000119209289551e-01
7.989884614944458008e-01
7.999978065490722656e-01
8.059585690498352051e-01
8.000996112823486328e-01
8.281925320625305176e-01
9.322153329849243164e-01
8.001829385757446289e-01
8.001679182052612305e-01
8.001371026039123535e-01
8.035150170326232910e-01
8.031297922134399414e-01
8.089176416397094727e-01
8.000838756561279297e-01
8.726927638053894043e-01
8.047695159912109375e-01
8.080679774284362793e-01
8.001674413681030273e-01
8.241307139396667480e-01
9.264898896217346191e-01
8.001000285148620605e-01
8.045366406440734863e-01
8.010740876197814941e-01
8.000888824462890625e-01
8.021084666252136230e-01
8.136304020881652832e-01
8.010639548301696777e-01
8.027346730232238770e-01
8.019813895225524902e-01
8.005326390266418457e-01
8.009454607963562012e-01
8.006236553192138672e-01
8.087432384490966797e-01
8.191539645195007324e-01
8.022238016128540039e-01
8.006314039230346680e-01
8.066458106040954590e-01
8.000525236129760742e-01
8.016204237937927246e-01
8.043327927589416504e-01
8.009144067764282227e-01
8.002548813819885254e-01
8.000472784042358398e-01
8.243691325187683105e-01
8.010963201522827148e-01
9.225197434425354004e-01
9.155218601226806641e-01
8.002139329910278320e-01
8.018652200698852539e-01
8.019834756851196289e-01
8.000317811965942383e-01
8.009766340255737305e-01
8.205567598342895508e-01
8.006535768508911133e-01
8.137972950935363770e-01
8.000323772430419922e-01
8.002569675445556641e-01
8.008474111557006836e-01
9.136760830879211426e-01
8.000379800796508789e-01
8.000237941741943359e-01
9.229494929313659668e-01
8.089073896408081055e-01
8.066657185554504395e-01
8.291295170783996582e-01
8.419601917266845703e-01
8.001064658164978027e-01
8.011657595634460449e-01
8.120090961456298828e-01
8.001005649566650391e-01
8.017318248748779297e-01
8.001175522804260254e-01
8.017689585685729980e-01
8.066036105155944824e-01
8.000695705413818359e-01
8.000926375389099121e-01
8.219449520111083984e-01
8.000688552856445312e-01
8.000874519348144531e-01
8.136002421379089355e-01
8.981998562812805176e-01
8.008424639701843262e-01
8.012772202491760254e-01
8.002946376800537109e-01
8.008115291595458984e-01
8.015707135200500488e-01
8.528799414634704590e-01
8.046008348464965820e-01
8.000615239143371582e-01
8.157317042350769043e-01
8.015322685241699219e-01
8.002333045005798340e-01
8.090215921401977539e-01
8.008707761764526367e-01
8.016944527626037598e-01
8.065152168273925781e-01
8.007761836051940918e-01
8.014321327209472656e-01
8.008778691291809082e-01
8.006910681724548340e-01
8.000876903533935547e-01
8.025420904159545898e-01
8.045498728752136230e-01
8.016722798347473145e-01
8.000297546386718750e-01
8.001638054847717285e-01
8.004922270774841309e-01
8.001871705055236816e-01
9.408209919929504395e-01
9.428486824035644531e-01
9.420943260192871094e-01
9.357042312622070312e-01
9.408226609230041504e-01
9.470923542976379395e-01
9.472488164901733398e-01
9.432715177536010742e-01
9.454279541969299316e-01
9.387131929397583008e-01
9.354770183563232422e-01
9.357845783233642578e-01
9.293841719627380371e-01
9.471697211265563965e-01
9.389579296112060547e-01
8.080136775970458984e-01
8.868527412414550781e-01
8.036741018295288086e-01
8.047643303871154785e-01
8.010257482528686523e-01
8.211705684661865234e-01
8.149257302284240723e-01
8.066943287849426270e-01
8.041516542434692383e-01
8.539337515830993652e-01
8.042598366737365723e-01
8.338400125503540039e-01
8.508459925651550293e-01
8.016793131828308105e-01
8.010691404342651367e-01
9.019340872764587402e-01
8.342917561531066895e-01
8.396800756454467773e-01
8.072054386138916016e-01
8.065419197082519531e-01
8.675399422645568848e-01
9.346094131469726562e-01
8.489748835563659668e-01
8.976701498031616211e-01
8.267052173614501953e-01
9.360795617103576660e-01
8.061794042587280273e-01
8.427125215530395508e-01
8.670337796211242676e-01
8.471637964248657227e-01
9.190744757652282715e-01
9.312229752540588379e-01
8.413703441619873047e-01
8.929302096366882324e-01
9.364475607872009277e-01
9.268556237220764160e-01
9.301092028617858887e-01
8.639702796936035156e-01
9.356353878974914551e-01
9.388481974601745605e-01
9.204746484756469727e-01
9.117802381515502930e-01
9.119051098823547363e-01
9.396399259567260742e-01
8.980968594551086426e-01
9.177561402320861816e-01
8.692024350166320801e-01
9.261323809623718262e-01
9.007313251495361328e-01
9.338548183441162109e-01
9.180332422256469727e-01
8.669888377189636230e-01
9.327021837234497070e-01
9.420256614685058594e-01
9.150227308273315430e-01
9.302718639373779297e-01
9.045761227607727051e-01
9.207565784454345703e-01
8.787364959716796875e-01
9.215794801712036133e-01
9.420084357261657715e-01
9.440057873725891113e-01
9.043920040130615234e-01
9.382600784301757812e-01
8.262172341346740723e-01
9.097029566764831543e-01
8.820021748542785645e-01
9.103832840919494629e-01
8.509081602096557617e-01
8.990248441696166992e-01
9.412842988967895508e-01
9.000624418258666992e-01
8.973487019538879395e-01
9.367296695709228516e-01
8.875660300254821777e-01
9.138822555541992188e-01
9.172302484512329102e-01
8.251682519912719727e-01
8.206918835639953613e-01
8.473816514015197754e-01
8.255244493484497070e-01
8.416123986244201660e-01
8.024981021881103516e-01
9.436503052711486816e-01
8.851140737533569336e-01
8.925676345825195312e-01
8.755573630332946777e-01
8.203570842742919922e-01
8.025746941566467285e-01
9.464293122291564941e-01
8.252701759338378906e-01
8.247506022453308105e-01
8.756102919578552246e-01
9.064030051231384277e-01
8.471699357032775879e-01
8.479391932487487793e-01
8.355889320373535156e-01
8.188725113868713379e-01
9.401981830596923828e-01
8.010236620903015137e-01
8.630502223968505859e-01
8.119356632232666016e-01
8.496272563934326172e-01
8.351861834526062012e-01
8.271833658218383789e-01
8.142796754837036133e-01
9.205110669136047363e-01
8.350939154624938965e-01
8.499945402145385742e-01
9.138815402984619141e-01
8.010371923446655273e-01
8.016054034233093262e-01
8.907978534698486328e-01
8.065672516822814941e-01
8.291733264923095703e-01
8.895230293273925781e-01
8.443464040756225586e-01
9.275799989700317383e-01
9.199251532554626465e-01
9.255540966987609863e-01
8.070163726806640625e-01
8.861254453659057617e-01
8.743813037872314453e-01
8.512758016586303711e-01
8.210409283638000488e-01
8.189355134963989258e-01
8.365472555160522461e-01
8.706380128860473633e-01
8.202703595161437988e-01
8.012750148773193359e-01
8.424063920974731445e-01
8.052977919578552246e-01
8.365107774734497070e-01
8.340802192687988281e-01
9.330405592918395996e-01
8.038685321807861328e-01
8.209602832794189453e-01
8.308013677597045898e-01
8.607409596443176270e-01
8.529871106147766113e-01
8.282825350761413574e-01
8.385058045387268066e-01
8.120018839836120605e-01
8.420515656471252441e-01
8.320589065551757812e-01
8.092978000640869141e-01
8.104482293128967285e-01
8.087645173072814941e-01
8.067981004714965820e-01
9.330508112907409668e-01
8.613182306289672852e-01
8.185735344886779785e-01
8.080291152000427246e-01
8.018379211425781250e-01
8.263410329818725586e-01
8.044268488883972168e-01
8.132289648056030273e-01
8.236598968505859375e-01
9.135016202926635742e-01
8.115607500076293945e-01
8.060524463653564453e-01
8.095359802246093750e-01
8.411087989807128906e-01
8.663808703422546387e-01
8.141085505485534668e-01
8.387045860290527344e-01
8.603144288063049316e-01
8.947014808654785156e-01
8.237287998199462891e-01
8.101559877395629883e-01
8.639976978302001953e-01
8.932645320892333984e-01
8.260690569877624512e-01
8.044630885124206543e-01
8.744679093360900879e-01
8.097862005233764648e-01
8.661679625511169434e-01
8.299779891967773438e-01
8.043032884597778320e-01
8.304325342178344727e-01
8.098158836364746094e-01
8.169335722923278809e-01
8.228992819786071777e-01
8.102732300758361816e-01
8.207539916038513184e-01
8.425595760345458984e-01
8.189725279808044434e-01
8.005154132843017578e-01
8.003997206687927246e-01
8.004487156867980957e-01
8.044552206993103027e-01
8.162932991981506348e-01
8.001546263694763184e-01
8.287950754165649414e-01
8.018437027931213379e-01
8.385934829711914062e-01
8.561605215072631836e-01
8.026648759841918945e-01
8.016493916511535645e-01
8.002440929412841797e-01
8.194214105606079102e-01
9.392116665840148926e-01
8.060328364372253418e-01
9.484471082687377930e-01
9.421868920326232910e-01
9.460347890853881836e-01
9.474043250083923340e-01
9.188377857208251953e-01
8.542621135711669922e-01
9.495787620544433594e-01
8.172017931938171387e-01
9.438133835792541504e-01
8.008770942687988281e-01
9.456714391708374023e-01
8.279287219047546387e-01
8.025206327438354492e-01
8.015421628952026367e-01
8.540361523628234863e-01
9.137734174728393555e-01
8.001542687416076660e-01
8.022150993347167969e-01
8.784492015838623047e-01
8.035777211189270020e-01
8.618137240409851074e-01
8.454420566558837891e-01
8.023295998573303223e-01
8.967440724372863770e-01
8.639027476310729980e-01
8.002530932426452637e-01
8.093475699424743652e-01
8.209205269813537598e-01
8.012096285820007324e-01
8.493402600288391113e-01
8.077662587165832520e-01
8.113904595375061035e-01
8.008974194526672363e-01
8.919341564178466797e-01
8.002598285675048828e-01
8.314553499221801758e-01
8.073363900184631348e-01
8.680700063705444336e-01
8.813829421997070312e-01
8.034667968750000000e-01
8.188600540161132812e-01
8.782741427421569824e-01
8.040665388107299805e-01
8.969970345497131348e-01
8.793683052062988281e-01
8.613007068634033203e-01
8.835502862930297852e-01
8.690991401672363281e-01
8.310135006904602051e-01
8.367903232574462891e-01
8.004512786865234375e-01
8.040781617164611816e-01
8.949800133705139160e-01
8.168160915374755859e-01
8.454819917678833008e-01
8.074983358383178711e-01
9.044969677925109863e-01
8.115166425704956055e-01
8.350700736045837402e-01
8.480598330497741699e-01
8.043307662010192871e-01
8.166866302490234375e-01
8.078665137290954590e-01
8.429915308952331543e-01
8.493335843086242676e-01
8.012173771858215332e-01
8.295705914497375488e-01
9.166774749755859375e-01
8.478545546531677246e-01
8.469570279121398926e-01
8.328463435173034668e-01
8.159599304199218750e-01
8.377429842948913574e-01
8.386543393135070801e-01
8.141819834709167480e-01
8.296444416046142578e-01
8.037552237510681152e-01
8.309876322746276855e-01
9.013223648071289062e-01
8.382881879806518555e-01
8.670983314514160156e-01
8.674164414405822754e-01
8.933496475219726562e-01
8.401479125022888184e-01
8.368488550186157227e-01
8.422619700431823730e-01
8.778318166732788086e-01
8.962004780769348145e-01
8.908781409263610840e-01
8.763117194175720215e-01
8.110957145690917969e-01
8.262378573417663574e-01
9.068774580955505371e-01
8.022184967994689941e-01
8.107185959815979004e-01
8.179484605789184570e-01
8.489006757736206055e-01
8.132040500640869141e-01
8.074181675910949707e-01
8.307859897613525391e-01
8.390935063362121582e-01
8.035063743591308594e-01
8.813072443008422852e-01
8.395169377326965332e-01
8.596312403678894043e-01
8.087000846862792969e-01
8.728814721107482910e-01
8.195333480834960938e-01
8.163261413574218750e-01
8.461190462112426758e-01
8.422551751136779785e-01
8.102128505706787109e-01
8.775337934494018555e-01
8.146747350692749023e-01
8.267629146575927734e-01
8.848267197608947754e-01
8.898500800132751465e-01
8.447409868240356445e-01
8.085396289825439453e-01
8.708053231239318848e-01
8.039916753768920898e-01
9.077618122100830078e-01
8.331219553947448730e-01
8.128241300582885742e-01
8.043581247329711914e-01
8.887271881103515625e-01
8.581331372261047363e-01
8.658703565597534180e-01
8.394398093223571777e-01
8.715595602989196777e-01
8.058649301528930664e-01
8.988726139068603516e-01
9.003177881240844727e-01
8.714275360107421875e-01
8.080486059188842773e-01
8.861911892890930176e-01
9.013132452964782715e-01
8.157673478126525879e-01
8.145035505294799805e-01
8.599666953086853027e-01
8.054214119911193848e-01
8.788516521453857422e-01
8.027965426445007324e-01
8.431853055953979492e-01
8.024390339851379395e-01
8.099635839462280273e-01
8.061680793762207031e-01
8.004069328308105469e-01
9.009108543395996094e-01
8.007711172103881836e-01
8.521066904067993164e-01
9.354323148727416992e-01
8.162000775337219238e-01
8.046648502349853516e-01
8.022128343582153320e-01
8.310720324516296387e-01
8.822292685508728027e-01
8.011509180068969727e-01
8.064847588539123535e-01
8.428406715393066406e-01
8.981097340583801270e-01
9.059243202209472656e-01
9.266351461410522461e-01
8.602591156959533691e-01
8.072535395622253418e-01
8.015238642692565918e-01
8.256282806396484375e-01
8.122532963752746582e-01
8.105096817016601562e-01
8.735224604606628418e-01
8.031920194625854492e-01
8.282092213630676270e-01
8.179181218147277832e-01
8.233381509780883789e-01
8.067125082015991211e-01
8.441309332847595215e-01
8.875771164894104004e-01
8.051105737686157227e-01
9.131700992584228516e-01
8.148671984672546387e-01
8.085243701934814453e-01
8.087928891181945801e-01
8.612520694732666016e-01
8.238320350646972656e-01
9.310753941535949707e-01
8.105252981185913086e-01
8.271561264991760254e-01
8.766984939575195312e-01
9.176192879676818848e-01
9.379624128341674805e-01
8.004841804504394531e-01
8.000344634056091309e-01
8.000532984733581543e-01
7.214366197586059570e-01
8.001142144203186035e-01
8.205797672271728516e-01
8.322880268096923828e-01
8.000278472900390625e-01
8.000283241271972656e-01
8.000884056091308594e-01
8.000769019126892090e-01
8.122360110282897949e-01
7.932984232902526855e-01
8.539912104606628418e-01
8.000018000602722168e-01
8.299271464347839355e-01
8.343483209609985352e-01
8.047859072685241699e-01
8.000884056091308594e-01
8.322880268096923828e-01
8.000921607017517090e-01
8.000159263610839844e-01
8.014319539070129395e-01
8.183156251907348633e-01
8.011963963508605957e-01
8.031948804855346680e-01
8.050017952919006348e-01
8.030250668525695801e-01
8.056925535202026367e-01
8.015125989913940430e-01
8.001107573509216309e-01
8.025729656219482422e-01
8.022279143333435059e-01
8.074076175689697266e-01
8.008435964584350586e-01
8.002482056617736816e-01
8.855274915695190430e-01
8.004663586616516113e-01
8.010547757148742676e-01
8.030065298080444336e-01
8.004648089408874512e-01
8.016506433486938477e-01
8.004846572875976562e-01
8.001163601875305176e-01
8.083833456039428711e-01
8.009002804756164551e-01
8.009396791458129883e-01
8.100328445434570312e-01
9.302399158477783203e-01
8.034580349922180176e-01
8.779505491256713867e-01
8.161674141883850098e-01
8.025134205818176270e-01
8.002365827560424805e-01
8.025946617126464844e-01
8.021599650382995605e-01
8.034290671348571777e-01
8.017714619636535645e-01
8.015119433403015137e-01
8.103189468383789062e-01
8.115677833557128906e-01
8.000736236572265625e-01
8.137356638908386230e-01
8.167660832405090332e-01
8.006172180175781250e-01
8.198378682136535645e-01
8.044492602348327637e-01
8.114177584648132324e-01
8.000484704971313477e-01
8.004767894744873047e-01
8.042523860931396484e-01
8.063699007034301758e-01
8.007485866546630859e-01
8.030936121940612793e-01
8.158456087112426758e-01
8.003053665161132812e-01
8.001232743263244629e-01
8.102434873580932617e-01
8.088805079460144043e-01
8.013799190521240234e-01
8.035584688186645508e-01
8.021813035011291504e-01
8.033000826835632324e-01
8.003110289573669434e-01
8.029741048812866211e-01
8.013082146644592285e-01
8.005830645561218262e-01
8.009331226348876953e-01
8.045356273651123047e-01
8.043715357780456543e-01
8.014506101608276367e-01
8.180878758430480957e-01
8.005715012550354004e-01
8.046951293945312500e-01
8.007380962371826172e-01
8.042040467262268066e-01
8.057487607002258301e-01
8.002573251724243164e-01
8.061280846595764160e-01
8.079037070274353027e-01
8.001764416694641113e-01
8.040276765823364258e-01
8.002113103866577148e-01
8.050339221954345703e-01
8.013272285461425781e-01
8.004446625709533691e-01
8.010064959526062012e-01
8.058016896247863770e-01
8.259172439575195312e-01
8.036739230155944824e-01
8.213851451873779297e-01
8.003789782524108887e-01
8.101993799209594727e-01
8.015576004981994629e-01
8.164386749267578125e-01
8.723098039627075195e-01
8.086642026901245117e-01
8.027676939964294434e-01
8.009023666381835938e-01
8.000161647796630859e-01
8.013632297515869141e-01
8.000456094741821289e-01
8.012185096740722656e-01
8.005890846252441406e-01
8.080032467842102051e-01
8.006758093833923340e-01
8.014719486236572266e-01
8.000001907348632812e-01
8.000566363334655762e-01
8.004240989685058594e-01
8.016631603240966797e-01
8.000001311302185059e-01
8.003018498420715332e-01
8.007777333259582520e-01
8.006230592727661133e-01
8.000001311302185059e-01
8.028137087821960449e-01
8.018578290939331055e-01
8.009604215621948242e-01
8.007839918136596680e-01
8.011670708656311035e-01
8.251161575317382812e-01
8.000001907348632812e-01
8.426089882850646973e-01
8.000383377075195312e-01
8.025861978530883789e-01
8.043045997619628906e-01
8.053315281867980957e-01
8.398827314376831055e-01
8.181192278861999512e-01
8.001012206077575684e-01
8.208615183830261230e-01
8.003252744674682617e-01
8.048692345619201660e-01
8.000001907348632812e-01
8.145481348037719727e-01
8.845827579498291016e-01
8.899031877517700195e-01
8.005618453025817871e-01
8.217442631721496582e-01
8.000006079673767090e-01
8.011010885238647461e-01
8.045291304588317871e-01
8.149309754371643066e-01
8.044648766517639160e-01
8.494489192962646484e-01
9.177389740943908691e-01
8.194894194602966309e-01
8.919064998626708984e-01
9.071728587150573730e-01
8.871282339096069336e-01
8.464433550834655762e-01
8.530716896057128906e-01
8.661390542984008789e-01
8.607321381568908691e-01
8.776909112930297852e-01
8.163478374481201172e-01
8.141083717346191406e-01
8.747858405113220215e-01
8.091859817504882812e-01
8.848281502723693848e-01
8.580971360206604004e-01
8.127282261848449707e-01
9.231848716735839844e-01
8.000000119209289551e-01
8.000023365020751953e-01
8.000000119209289551e-01
8.001339435577392578e-01
8.006911873817443848e-01
8.004679083824157715e-01
8.001942634582519531e-01
8.000004887580871582e-01
8.001157045364379883e-01
8.000206351280212402e-01
8.000342845916748047e-01
8.000001311302185059e-01
8.035383224487304688e-01
8.002128601074218750e-01
8.000004291534423828e-01
9.209836721420288086e-01
9.046301245689392090e-01
8.972234129905700684e-01
8.603978753089904785e-01
8.083013296127319336e-01
8.063324093818664551e-01
8.109635114669799805e-01
8.786835670471191406e-01
8.835213184356689453e-01
8.731003999710083008e-01
9.322891831398010254e-01
8.718434572219848633e-01
8.044948577880859375e-01
8.029590249061584473e-01
9.023945331573486328e-01
8.144908547401428223e-01
8.053615093231201172e-01
8.034380078315734863e-01
8.068482875823974609e-01
8.774405717849731445e-01
8.761752247810363770e-01
8.609202504158020020e-01
9.044405817985534668e-01
8.531849384307861328e-01
8.118692636489868164e-01
8.064836859703063965e-01
8.041395545005798340e-01
8.262135386466979980e-01
8.029934167861938477e-01
8.179404139518737793e-01
9.026651382446289062e-01
8.074846267700195312e-01
8.729811310768127441e-01
8.255421519279479980e-01
8.717879652976989746e-01
8.703240752220153809e-01
8.054863810539245605e-01
8.780829310417175293e-01
8.764721751213073730e-01
8.261115550994873047e-01
8.767080903053283691e-01
8.889232873916625977e-01
8.692005872726440430e-01
8.021626472473144531e-01
8.019450902938842773e-01
8.884783983230590820e-01
9.051898121833801270e-01
8.134460449218750000e-01
8.645169138908386230e-01
8.627257943153381348e-01
8.519581556320190430e-01
8.301438689231872559e-01
8.064780235290527344e-01
8.244085311889648438e-01
8.550668358802795410e-01
8.628920912742614746e-01
8.771299719810485840e-01
8.309379220008850098e-01
8.039767146110534668e-01
8.125314712524414062e-01
8.682852983474731445e-01
8.234929442405700684e-01
8.019084930419921875e-01
8.072676658630371094e-01
9.084494709968566895e-01
8.983540534973144531e-01
8.012157678604125977e-01
8.085280060768127441e-01
8.212462067604064941e-01
8.072546124458312988e-01
8.893820643424987793e-01
8.167631030082702637e-01
9.002238512039184570e-01
9.010896086692810059e-01
8.223360776901245117e-01
8.079541325569152832e-01
8.960986137390136719e-01
8.048862218856811523e-01
8.026544451713562012e-01
8.301988244056701660e-01
8.715871572494506836e-01
8.710750341415405273e-01
8.062074184417724609e-01
9.030302762985229492e-01
8.922985792160034180e-01
9.020946025848388672e-01
8.661816716194152832e-01
8.260543346405029297e-01
8.011196851730346680e-01
8.024384379386901855e-01
8.005040287971496582e-01
8.004065752029418945e-01
8.000182509422302246e-01
8.294622898101806641e-01
8.020871281623840332e-01
8.010700345039367676e-01
8.000975251197814941e-01
8.003525733947753906e-01
8.000169396400451660e-01
8.002851009368896484e-01
8.002694845199584961e-01
8.001035451889038086e-01
8.001806139945983887e-01
8.003763556480407715e-01
8.000502586364746094e-01
8.043694496154785156e-01
8.000138998031616211e-01
8.402621150016784668e-01
8.002664446830749512e-01
8.002273440361022949e-01
8.004710078239440918e-01
8.164640069007873535e-01
8.005359172821044922e-01
8.205747604370117188e-01
8.875744342803955078e-01
8.068132996559143066e-01
8.007213473320007324e-01
8.071582913398742676e-01
8.055051565170288086e-01
8.763458132743835449e-01
8.489507436752319336e-01
9.060146212577819824e-01
8.630662560462951660e-01
9.017079472541809082e-01
8.685522675514221191e-01
9.256312847137451172e-01
8.784074783325195312e-01
8.307707905769348145e-01
8.669995665550231934e-01
8.018632531166076660e-01
8.001972436904907227e-01
8.004409670829772949e-01
8.019015789031982422e-01
8.057215809822082520e-01
8.022113442420959473e-01
8.030310273170471191e-01
8.002045154571533203e-01
8.015577793121337891e-01
8.036079406738281250e-01
8.028772473335266113e-01
8.003420233726501465e-01
8.044753670692443848e-01
8.203222155570983887e-01
8.076751828193664551e-01
8.217016458511352539e-01
8.007455468177795410e-01
8.021737337112426758e-01
8.011003136634826660e-01
8.244354128837585449e-01
8.244552612304687500e-01
8.514225482940673828e-01
8.319755196571350098e-01
8.082739710807800293e-01
8.031572103500366211e-01
8.025385737419128418e-01
9.207902550697326660e-01
8.116268515586853027e-01
8.407440781593322754e-01
8.021371364593505859e-01
8.080978989601135254e-01
8.013536334037780762e-01
8.263770937919616699e-01
8.050789833068847656e-01
8.015874028205871582e-01
8.099215626716613770e-01
8.027756810188293457e-01
8.001897931098937988e-01
8.143318295478820801e-01
8.033320307731628418e-01
8.197268843650817871e-01
8.000328540802001953e-01
8.121678829193115234e-01
8.369823694229125977e-01
8.023618459701538086e-01
8.016397953033447266e-01
8.015153408050537109e-01
8.006493449211120605e-01
8.019847273826599121e-01
8.051329255104064941e-01
8.008820414543151855e-01
8.013853430747985840e-01
8.078997135162353516e-01
8.171011209487915039e-01
8.166500926017761230e-01
8.038427233695983887e-01
8.092564940452575684e-01
8.320320844650268555e-01
8.001739382743835449e-01
8.064057826995849609e-01
8.078526854515075684e-01
8.002446889877319336e-01
8.035126924514770508e-01
8.018255233764648438e-01
8.032168149948120117e-01
8.001772761344909668e-01
8.030344247817993164e-01
8.012560009956359863e-01
8.228642940521240234e-01
8.035641908645629883e-01
9.152744412422180176e-01
8.031029701232910156e-01
8.072345852851867676e-01
8.639419078826904297e-01
8.295632004737854004e-01
8.001991510391235352e-01
8.002571463584899902e-01
8.004794120788574219e-01
8.153957724571228027e-01
8.504509925842285156e-01
8.015688061714172363e-01
8.084431290626525879e-01
8.274517059326171875e-01
8.187723755836486816e-01
8.077465295791625977e-01
8.593192696571350098e-01
8.501415848731994629e-01
8.109460473060607910e-01
8.017625808715820312e-01
8.073959946632385254e-01
8.005419373512268066e-01
8.070535659790039062e-01
8.050806522369384766e-01
8.036157488822937012e-01
8.012000322341918945e-01
8.018290996551513672e-01
8.020545244216918945e-01
8.022829294204711914e-01
8.104103207588195801e-01
8.013960719108581543e-01
8.026718497276306152e-01
8.000462055206298828e-01
8.182265162467956543e-01
8.086534142494201660e-01
8.043588399887084961e-01
8.033662438392639160e-01
8.255746960639953613e-01
9.259573221206665039e-01
8.117666840553283691e-01
8.132752180099487305e-01
8.018970489501953125e-01
8.128098845481872559e-01
8.032891750335693359e-01
8.157898783683776855e-01
8.006876707077026367e-01
8.977473378181457520e-01
8.138234019279479980e-01
8.677069544792175293e-01
8.363635540008544922e-01
8.719283938407897949e-01
8.208038806915283203e-01
8.030407428741455078e-01
8.391256332397460938e-01
8.833343982696533203e-01
8.105009794235229492e-01
9.135957360267639160e-01
8.243324160575866699e-01
8.273582458496093750e-01
8.166882395744323730e-01
8.206297159194946289e-01
8.469375967979431152e-01
8.778871297836303711e-01
8.829083442687988281e-01
8.767611980438232422e-01
8.087631464004516602e-01
9.115332365036010742e-01
8.027083277702331543e-01
8.269035220146179199e-01
9.054886698722839355e-01
8.380523324012756348e-01
9.285414218902587891e-01
8.447528481483459473e-01
8.023232817649841309e-01
8.994420766830444336e-01
9.047139286994934082e-01
8.995179533958435059e-01
8.998302817344665527e-01
8.881557583808898926e-01
8.124119639396667480e-01
8.821603655815124512e-01
9.159017801284790039e-01
8.150718212127685547e-01
8.588163852691650391e-01
8.028237819671630859e-01
8.922507166862487793e-01
8.028693795204162598e-01
9.101952314376831055e-01
8.523859381675720215e-01
8.598076105117797852e-01
9.308520555496215820e-01
8.913568258285522461e-01
8.585473299026489258e-01
8.938744664192199707e-01
8.364380002021789551e-01
8.258614540100097656e-01
8.881302475929260254e-01
8.592656850814819336e-01
8.090102076530456543e-01
9.105817675590515137e-01
8.185561895370483398e-01
9.186462759971618652e-01
8.330581784248352051e-01
8.319590687751770020e-01
8.912535905838012695e-01
8.069062829017639160e-01
8.787118792533874512e-01
8.185504078865051270e-01
8.988561034202575684e-01
9.068459272384643555e-01
8.693212866783142090e-01
8.055950403213500977e-01
8.479757308959960938e-01
8.275425434112548828e-01
9.045485258102416992e-01
9.125339984893798828e-01
8.541501164436340332e-01
9.166079163551330566e-01
9.127828478813171387e-01
8.521081209182739258e-01
8.484585881233215332e-01
8.571721911430358887e-01
8.459918498992919922e-01
9.330714344978332520e-01
9.242595434188842773e-01
9.126763939857482910e-01
8.484755754470825195e-01
8.700557351112365723e-01
8.455635309219360352e-01
8.227090835571289062e-01
8.197549581527709961e-01
8.470731973648071289e-01
9.283416271209716797e-01
9.227018356323242188e-01
9.275966286659240723e-01
8.185141086578369141e-01
8.494607210159301758e-01
8.320358395576477051e-01
8.257049322128295898e-01
9.136721491813659668e-01
8.842486739158630371e-01
8.175660371780395508e-01
8.267313241958618164e-01
8.263563513755798340e-01
8.153834939002990723e-01
8.210099339485168457e-01
8.318257331848144531e-01
8.752941489219665527e-01
8.978660106658935547e-01
8.105380535125732422e-01
8.614091873168945312e-01
8.985188007354736328e-01
8.680754899978637695e-01
9.381010532379150391e-01
8.471991419792175293e-01
9.222632646560668945e-01
8.723249435424804688e-01
9.187160134315490723e-01
8.483243584632873535e-01
9.123222231864929199e-01
8.844973444938659668e-01
8.617949485778808594e-01
8.744852542877197266e-01
8.454926609992980957e-01
8.902717232704162598e-01
8.961206078529357910e-01
8.479623794555664062e-01
8.133572340011596680e-01
8.003259897232055664e-01
8.001657724380493164e-01
8.005539774894714355e-01
8.025360107421875000e-01
8.014536499977111816e-01
8.329769372940063477e-01
8.347709178924560547e-01
8.000395894050598145e-01
8.000760078430175781e-01
8.005961775779724121e-01
8.042849898338317871e-01
8.027251958847045898e-01
8.000122904777526855e-01
8.006007075309753418e-01
8.035243153572082520e-01
8.002886176109313965e-01
8.065919876098632812e-01
8.153333663940429688e-01
8.104700446128845215e-01
8.150323629379272461e-01
8.011298179626464844e-01
8.011815547943115234e-01
8.018562793731689453e-01
8.004033565521240234e-01
8.119907379150390625e-01
8.089007735252380371e-01
9.411551952362060547e-01
9.255194664001464844e-01
8.265420198440551758e-01
8.294891119003295898e-01
9.357486963272094727e-01
8.018801808357238770e-01
8.701189160346984863e-01
8.612250089645385742e-01
9.340043067932128906e-01
9.476740360260009766e-01
8.792633414268493652e-01
9.341682195663452148e-01
8.517972230911254883e-01
8.478986024856567383e-01
9.249938130378723145e-01
8.402253389358520508e-01
9.165553450584411621e-01
8.281595110893249512e-01
9.053937792778015137e-01
8.985979557037353516e-01
8.545281291007995605e-01
8.166786432266235352e-01
8.038684725761413574e-01
8.296544551849365234e-01
9.082112312316894531e-01
8.710084557533264160e-01
8.450718522071838379e-01
8.195783495903015137e-01
8.566020131111145020e-01
8.098415136337280273e-01
8.390862345695495605e-01
9.135167598724365234e-01
8.349069952964782715e-01
8.788757920265197754e-01
8.294122219085693359e-01
8.869621753692626953e-01
8.957555294036865234e-01
8.198996186256408691e-01
8.667948246002197266e-01
8.836342692375183105e-01
8.045246601104736328e-01
8.028308749198913574e-01
8.508080244064331055e-01
8.362709283828735352e-01
9.037427902221679688e-01
8.547995686531066895e-01
8.742532730102539062e-01
8.686035275459289551e-01
8.896360397338867188e-01
8.832517862319946289e-01
8.599503636360168457e-01
8.535676598548889160e-01
9.017934203147888184e-01
8.112076520919799805e-01
8.197998404502868652e-01
8.176040649414062500e-01
8.678964376449584961e-01
8.804666996002197266e-01
8.449130654335021973e-01
8.039100766181945801e-01
8.155671954154968262e-01
8.488215208053588867e-01
8.334956169128417969e-01
8.279260396957397461e-01
8.891143798828125000e-01
8.799536824226379395e-01
8.329848051071166992e-01
9.116218090057373047e-01
9.083008170127868652e-01
8.240255713462829590e-01
8.315339088439941406e-01
8.888043761253356934e-01
9.085594415664672852e-01
9.011026024818420410e-01
8.239582180976867676e-01
8.972197175025939941e-01
8.374608755111694336e-01
9.052248001098632812e-01
9.116173386573791504e-01
8.173968791961669922e-01
8.072864413261413574e-01
8.406007885932922363e-01
8.902654051780700684e-01
8.664484620094299316e-01
9.182218909263610840e-01
8.624575138092041016e-01
8.488070964813232422e-01
9.103781580924987793e-01
8.476238846778869629e-01
8.810795545578002930e-01
8.297600150108337402e-01
9.165528416633605957e-01
8.898840546607971191e-01
8.789007067680358887e-01
8.606545925140380859e-01
8.217645883560180664e-01
8.329637646675109863e-01
8.293966650962829590e-01
8.797217011451721191e-01
9.107723832130432129e-01
8.793076872825622559e-01
8.399708867073059082e-01
8.048042654991149902e-01
8.078438043594360352e-01
8.439456820487976074e-01
9.231016635894775391e-01
8.392598032951354980e-01
8.808322548866271973e-01
8.640429377555847168e-01
8.966733217239379883e-01
8.889626264572143555e-01
8.710272312164306641e-01
9.113069176673889160e-01
8.869500756263732910e-01
8.415628671646118164e-01
8.047648072242736816e-01
8.514536619186401367e-01
8.523801565170288086e-01
8.277832269668579102e-01
8.927626013755798340e-01
8.033001422882080078e-01
8.042021989822387695e-01
8.009173274040222168e-01
8.072584271430969238e-01
8.008608818054199219e-01
9.343242645263671875e-01
8.038616180419921875e-01
8.017727732658386230e-01
9.449598789215087891e-01
8.078716993331909180e-01
8.151835203170776367e-01
8.311137557029724121e-01
8.111803531646728516e-01
8.032409548759460449e-01
8.043912649154663086e-01
8.022459149360656738e-01
8.056288361549377441e-01
8.176368474960327148e-01
8.059586286544799805e-01
8.012056350708007812e-01
8.001390099525451660e-01
8.355070352554321289e-01
8.589746952056884766e-01
9.167202711105346680e-01
8.038528561592102051e-01
8.062977790832519531e-01
8.150391578674316406e-01
8.544669747352600098e-01
9.202595353126525879e-01
8.001986145973205566e-01
8.000254034996032715e-01
8.072661757469177246e-01
8.641642332077026367e-01
8.011413216590881348e-01
8.035352230072021484e-01
8.070071935653686523e-01
8.289245963096618652e-01
8.000459074974060059e-01
9.168939590454101562e-01
8.001049160957336426e-01
8.003078103065490723e-01
8.066522479057312012e-01
8.019620776176452637e-01
8.075473308563232422e-01
8.008311390876770020e-01
8.439353704452514648e-01
8.141143918037414551e-01
8.190898299217224121e-01
8.102546930313110352e-01
8.160235285758972168e-01
8.032503128051757812e-01
9.199461936950683594e-01
8.027913570404052734e-01
8.086343407630920410e-01
8.035918474197387695e-01
8.498108983039855957e-01
8.001240491867065430e-01
8.033809661865234375e-01
8.001662492752075195e-01
8.040243387222290039e-01
8.004122972488403320e-01
8.007912039756774902e-01
8.010672330856323242e-01
8.017279505729675293e-01
8.000153899192810059e-01
8.035102486610412598e-01
8.004031181335449219e-01
8.002850413322448730e-01
8.003264665603637695e-01
8.002639412879943848e-01
8.080256581306457520e-01
8.033209443092346191e-01
8.009204864501953125e-01
8.004206418991088867e-01
8.003705143928527832e-01
8.081946372985839844e-01
8.010594844818115234e-01
8.007424473762512207e-01
8.058486580848693848e-01
8.052676916122436523e-01
9.125242233276367188e-01
8.000071644783020020e-01
8.069859147071838379e-01
8.006658554077148438e-01
8.007681965827941895e-01
8.061977028846740723e-01
8.020135164260864258e-01
8.074290752410888672e-01
8.208771347999572754e-01
8.003620505332946777e-01
8.000676035881042480e-01
8.094041347503662109e-01
8.021124005317687988e-01
8.008048534393310547e-01
8.145259618759155273e-01
8.142480850219726562e-01
8.174358606338500977e-01
8.146091103553771973e-01
8.006277680397033691e-01
8.606745600700378418e-01
8.005329966545104980e-01
8.357092142105102539e-01
8.077769875526428223e-01
8.003976941108703613e-01
8.044887781143188477e-01
8.000077605247497559e-01
8.087826967239379883e-01
8.431796431541442871e-01
8.005480766296386719e-01
8.011081814765930176e-01
8.118240833282470703e-01
9.203883409500122070e-01
8.002189397811889648e-01
8.004307746887207031e-01
8.196025490760803223e-01
8.430274128913879395e-01
8.322887420654296875e-01
8.060051798820495605e-01
8.061492443084716797e-01
8.024151921272277832e-01
8.008733987808227539e-01
8.278656601905822754e-01
8.118190169334411621e-01
8.216616511344909668e-01
8.159725069999694824e-01
8.292121291160583496e-01
8.259863257408142090e-01
8.010541200637817383e-01
8.086419701576232910e-01
8.285871148109436035e-01
8.000000119209289551e-01
8.000000119209289551e-01
8.000000119209289551e-01
8.448029160499572754e-01
7.991419434547424316e-01
8.000000119209289551e-01
7.992200255393981934e-01
8.003208637237548828e-01
8.000000119209289551e-01
8.000000119209289551e-01
7.999655008316040039e-01
7.999959588050842285e-01
8.000001311302185059e-01
8.000010848045349121e-01
7.999998331069946289e-01
8.000031709671020508e-01
8.000000119209289551e-01
8.000186681747436523e-01
8.000000715255737305e-01
7.999883294105529785e-01
8.000013828277587891e-01
8.000010251998901367e-01
8.001247048377990723e-01
8.001472949981689453e-01
8.000000119209289551e-01
8.001679182052612305e-01
8.000000119209289551e-01
8.002507686614990234e-01
8.103608489036560059e-01
8.000000119209289551e-01
8.000000119209289551e-01
8.000001311302185059e-01
8.000000715255737305e-01
8.003349304199218750e-01
7.999999523162841797e-01
8.011595606803894043e-01
8.000000119209289551e-01
8.870756626129150391e-01
7.999999523162841797e-01
8.000000119209289551e-01
8.000000715255737305e-01
8.000000119209289551e-01
8.000015616416931152e-01
8.000000119209289551e-01
8.000000119209289551e-01
8.000000119209289551e-01
7.999999523162841797e-01
8.001011610031127930e-01
8.000085949897766113e-01
7.999994158744812012e-01
8.157687783241271973e-01
8.000000119209289551e-01
7.999994754791259766e-01
7.999650239944458008e-01
8.030394911766052246e-01
8.000000119209289551e-01
8.000000119209289551e-01
8.000000715255737305e-01
8.030968904495239258e-01
8.183712363243103027e-01
7.999999523162841797e-01
7.999998927116394043e-01
8.000000119209289551e-01
8.000728487968444824e-01
7.999944090843200684e-01
8.000000119209289551e-01
7.992153167724609375e-01
7.999994158744812012e-01
8.000000119209289551e-01
8.000000119209289551e-01
8.092682957649230957e-01
7.999814748764038086e-01
8.000000119209289551e-01
8.000000119209289551e-01
8.412929177284240723e-01
8.000143170356750488e-01
8.000024557113647461e-01
7.999999523162841797e-01
7.999999523162841797e-01
8.000003099441528320e-01
8.004746437072753906e-01
8.000002503395080566e-01
8.000003695487976074e-01
8.000000119209289551e-01
8.000469803810119629e-01
7.999845147132873535e-01
8.000000119209289551e-01
8.000000119209289551e-01
8.000000119209289551e-01
8.078213334083557129e-01
8.000000119209289551e-01
8.000000119209289551e-01
8.000000119209289551e-01
8.000000119209289551e-01
8.008697032928466797e-01
8.000000715255737305e-01
7.999995946884155273e-01
8.000000119209289551e-01
8.545245528221130371e-01
8.186380863189697266e-01
8.000000119209289551e-01
8.000841140747070312e-01
8.000000119209289551e-01
8.000000119209289551e-01
7.999999523162841797e-01
8.002912402153015137e-01
8.431922793388366699e-01
8.005535602569580078e-01
8.723143935203552246e-01
8.043470978736877441e-01
8.000250458717346191e-01
8.016135692596435547e-01
8.355712294578552246e-01
8.083140850067138672e-01
8.953682780265808105e-01
8.007597327232360840e-01
8.097637295722961426e-01
8.004289865493774414e-01
8.020986914634704590e-01
8.360305428504943848e-01
8.012672662734985352e-01
8.043261170387268066e-01
8.045459389686584473e-01
8.136551976203918457e-01
8.002284169197082520e-01
8.001542687416076660e-01
8.136384487152099609e-01
8.299041986465454102e-01
8.060964345932006836e-01
8.016194105148315430e-01
8.027727007865905762e-01
8.001708388328552246e-01
8.106791973114013672e-01
8.021488785743713379e-01
8.001136779785156250e-01
8.046162724494934082e-01
8.008418679237365723e-01
8.070340156555175781e-01
8.073142170906066895e-01
8.001703023910522461e-01
8.990513682365417480e-01
8.130249381065368652e-01
8.206775784492492676e-01
8.016414046287536621e-01
8.016759157180786133e-01
8.001805543899536133e-01
8.008908629417419434e-01
8.016408085823059082e-01
8.088476657867431641e-01
8.073409795761108398e-01
8.006660342216491699e-01
8.120523095130920410e-01
8.093265891075134277e-01
8.022609353065490723e-01
8.018355965614318848e-01
8.014752268791198730e-01
8.083677887916564941e-01
8.358041644096374512e-01
8.008044362068176270e-01
8.001073002815246582e-01
8.088999390602111816e-01
8.107743263244628906e-01
8.299649357795715332e-01
8.030757308006286621e-01
8.266647458076477051e-01
8.023335337638854980e-01
8.183480501174926758e-01
8.003191947937011719e-01
8.001539111137390137e-01
8.010838031768798828e-01
8.009800910949707031e-01
8.006454706192016602e-01
8.032242059707641602e-01
8.064084053039550781e-01
8.183041214942932129e-01
8.135313987731933594e-01
8.023020625114440918e-01
8.000754714012145996e-01
8.374090790748596191e-01
8.004025816917419434e-01
8.017374277114868164e-01
8.005433082580566406e-01
8.128421902656555176e-01
8.002725243568420410e-01
8.010709881782531738e-01
8.389026522636413574e-01
8.027957081794738770e-01
8.028820753097534180e-01
8.000233173370361328e-01
8.087570071220397949e-01
8.124983906745910645e-01
8.874111771583557129e-01
8.000227808952331543e-01
8.001783490180969238e-01
8.072462677955627441e-01
8.095670938491821289e-01
8.002010583877563477e-01
8.002402186393737793e-01
8.057324290275573730e-01
8.051382303237915039e-01
8.033985495567321777e-01
8.003627061843872070e-01
8.075243830680847168e-01
8.064484000205993652e-01
8.012307286262512207e-01
8.010896444320678711e-01
8.261247277259826660e-01
8.095218539237976074e-01
8.001495599746704102e-01
8.005334734916687012e-01
8.011301755905151367e-01
8.036019206047058105e-01
8.002983331680297852e-01
8.742365837097167969e-01
8.000326752662658691e-01
8.000105619430541992e-01
8.000175952911376953e-01
8.354427814483642578e-01
8.000000119209289551e-01
8.004965186119079590e-01
8.046240806579589844e-01
8.000473380088806152e-01
8.002111911773681641e-01
8.000032305717468262e-01
8.006079792976379395e-01
8.198487162590026855e-01
8.095015883445739746e-01
8.000201582908630371e-01
8.000020980834960938e-01
8.000040650367736816e-01
8.055803179740905762e-01
8.000360727310180664e-01
8.001310825347900391e-01
8.000710606575012207e-01
8.000411391258239746e-01
7.999446392059326172e-01
8.013285994529724121e-01
8.007970452308654785e-01
8.000931739807128906e-01
8.003982901573181152e-01
8.929750323295593262e-01
8.001320958137512207e-01
8.049398064613342285e-01
8.007792830467224121e-01
8.013321161270141602e-01
8.053621053695678711e-01
8.000702261924743652e-01
8.000066876411437988e-01
8.000155091285705566e-01
8.053640723228454590e-01
8.000007271766662598e-01
8.005979061126708984e-01
8.006423711776733398e-01
8.968175649642944336e-01
8.022922873497009277e-01
8.000673055648803711e-01
8.000739216804504395e-01
8.450552225112915039e-01
8.003976941108703613e-01
8.000035285949707031e-01
8.000001907348632812e-01
9.181884527206420898e-01
8.528587818145751953e-01
8.002408742904663086e-01
8.000958561897277832e-01
8.002259731292724609e-01
8.000375032424926758e-01
8.000333905220031738e-01
8.017894625663757324e-01
8.072769045829772949e-01
8.000106215476989746e-01
8.000418543815612793e-01
8.001195788383483887e-01
8.000319600105285645e-01
8.000154495239257812e-01
8.000422120094299316e-01
8.001390099525451660e-01
8.007616996765136719e-01
8.011676073074340820e-01
8.009068965911865234e-01
8.000203967094421387e-01
8.113549351692199707e-01
8.000619411468505859e-01
8.236395716667175293e-01
8.000020384788513184e-01
8.159810304641723633e-01
8.044769763946533203e-01
8.062619566917419434e-01
8.006721735000610352e-01
8.007143139839172363e-01
8.216833472251892090e-01
8.000471591949462891e-01
8.007403612136840820e-01
8.018856644630432129e-01
8.517889380455017090e-01
8.000006675720214844e-01
8.001762628555297852e-01
8.006237149238586426e-01
8.000496029853820801e-01
8.763630390167236328e-01
7.999966144561767578e-01
8.000034689903259277e-01
8.000057339668273926e-01
8.043493032455444336e-01
8.000258207321166992e-01
8.000712990760803223e-01
8.000183105468750000e-01
8.000002503395080566e-01
8.000064492225646973e-01
8.014150261878967285e-01
8.048564195632934570e-01
8.002118468284606934e-01
8.164173960685729980e-01
8.001135587692260742e-01
8.001359701156616211e-01
8.768002390861511230e-01
9.189549684524536133e-01
8.879255056381225586e-01
9.030373096466064453e-01
8.530273437500000000e-01
8.054519295692443848e-01
8.041443824768066406e-01
8.758643865585327148e-01
8.979972004890441895e-01
8.402132391929626465e-01
8.096379041671752930e-01
8.559791445732116699e-01
8.320422172546386719e-01
8.094896078109741211e-01
8.011729121208190918e-01
8.899505734443664551e-01
9.262113571166992188e-01
9.330150485038757324e-01
8.634172677993774414e-01
8.257179260253906250e-01
9.031956195831298828e-01
8.019004464149475098e-01
8.237529397010803223e-01
8.506778478622436523e-01
8.460082411766052246e-01
8.190431594848632812e-01
8.023578524589538574e-01
9.110199213027954102e-01
8.000000715255737305e-01
7.999852299690246582e-01
8.000198602676391602e-01
8.033673763275146484e-01
7.999530434608459473e-01
8.000019192695617676e-01
8.000707626342773438e-01
8.000018596649169922e-01
8.006845712661743164e-01
8.004360795021057129e-01
8.000000715255737305e-01
8.000192046165466309e-01
8.000000119209289551e-01
8.000628948211669922e-01
7.999934554100036621e-01
8.000008463859558105e-01
8.000000119209289551e-01
8.002300858497619629e-01
7.999999523162841797e-01
8.000739216804504395e-01
8.008803129196166992e-01
7.999999523162841797e-01
8.000004291534423828e-01
8.000062108039855957e-01
7.999963760375976562e-01
7.999998927116394043e-01
8.000040054321289062e-01
8.000113964080810547e-01
8.001046180725097656e-01
8.258089423179626465e-01
8.027033805847167969e-01
8.068861961364746094e-01
8.564280271530151367e-01
8.013319373130798340e-01
8.226130008697509766e-01
9.107660651206970215e-01
8.167248368263244629e-01
8.124957680702209473e-01
8.122664690017700195e-01
8.002359271049499512e-01
8.023639321327209473e-01
8.039585351943969727e-01
8.269922137260437012e-01
9.406035542488098145e-01
8.212152719497680664e-01
8.083645105361938477e-01
8.011305332183837891e-01
8.191189169883728027e-01
8.023211359977722168e-01
8.721881508827209473e-01
8.000115156173706055e-01
8.020989894866943359e-01
8.079147934913635254e-01
8.009757399559020996e-01
8.078078627586364746e-01
8.058037161827087402e-01
8.001708388328552246e-01
8.001854419708251953e-01
8.161852359771728516e-01
8.083866238594055176e-01
8.010562658309936523e-01
8.024236559867858887e-01
8.055736422538757324e-01
8.006640076637268066e-01
8.008022308349609375e-01
8.029595613479614258e-01
8.000885844230651855e-01
9.227010607719421387e-01
8.002521991729736328e-01
8.052007555961608887e-01
8.013498783111572266e-01
8.004369735717773438e-01
8.005169034004211426e-01
8.065824508666992188e-01
8.128342628479003906e-01
8.003924489021301270e-01
8.005961775779724121e-01
8.027391433715820312e-01
8.004193902015686035e-01
8.334351778030395508e-01
8.099766969680786133e-01
8.001182079315185547e-01
8.026442527770996094e-01
8.023418188095092773e-01
8.087422847747802734e-01
8.027859330177307129e-01
8.015844821929931641e-01
8.898522853851318359e-01
8.392322063446044922e-01
8.000472187995910645e-01
8.027136325836181641e-01
8.036134839057922363e-01
8.021752834320068359e-01
8.058224320411682129e-01
8.028386235237121582e-01
8.040787577629089355e-01
8.331958055496215820e-01
8.167622089385986328e-01
8.058325648307800293e-01
8.026839494705200195e-01
8.022800087928771973e-01
8.149946331977844238e-01
8.023948669433593750e-01
8.010097146034240723e-01
8.329836726188659668e-01
8.177925348281860352e-01
8.077507615089416504e-01
8.001850843429565430e-01
8.014695048332214355e-01
8.193421363830566406e-01
8.003416061401367188e-01
8.001150488853454590e-01
8.000642657279968262e-01
8.504284620285034180e-01
8.164754509925842285e-01
8.017534017562866211e-01
8.096925020217895508e-01
8.001667857170104980e-01
8.023833632469177246e-01
8.132210373878479004e-01
8.019461631774902344e-01
8.111125826835632324e-01
8.079118728637695312e-01
8.068459033966064453e-01
8.075774908065795898e-01
8.415506482124328613e-01
8.005918264389038086e-01
8.199740052223205566e-01
8.004980683326721191e-01
8.003258705139160156e-01
8.457934856414794922e-01
8.033040165901184082e-01
8.944982290267944336e-01
8.002774715423583984e-01
8.026822209358215332e-01
8.311931490898132324e-01
8.087934851646423340e-01
8.094283938407897949e-01
8.019539713859558105e-01
8.227991461753845215e-01
8.025617003440856934e-01
9.044299721717834473e-01
8.022379875183105469e-01
8.004124164581298828e-01
8.000836968421936035e-01
8.003498315811157227e-01
8.437343239784240723e-01
8.153241872787475586e-01
8.050429821014404297e-01
8.001085519790649414e-01
8.002362251281738281e-01
8.013023734092712402e-01
8.108876347541809082e-01
8.002400398254394531e-01
8.004059195518493652e-01
8.122060894966125488e-01
8.046398162841796875e-01
8.001266717910766602e-01
8.351905345916748047e-01
8.000766634941101074e-01
8.309254050254821777e-01
8.874324560165405273e-01
8.006594777107238770e-01
8.026796579360961914e-01
8.129228353500366211e-01
8.000279664993286133e-01
8.088970780372619629e-01
8.028047680854797363e-01
8.007375001907348633e-01
8.009424209594726562e-01
8.020107746124267578e-01
8.172475099563598633e-01
8.084228038787841797e-01
8.157231807708740234e-01
8.007880449295043945e-01
8.060019612312316895e-01
8.128253221511840820e-01
8.026193380355834961e-01
8.009808063507080078e-01
8.025472760200500488e-01
8.021690845489501953e-01
8.069859147071838379e-01
8.010957837104797363e-01
8.149952888488769531e-01
8.009051084518432617e-01
8.166689872741699219e-01
8.015785813331604004e-01
8.034092187881469727e-01
8.002167940139770508e-01
8.009410500526428223e-01
8.116139769554138184e-01
8.079022765159606934e-01
8.083180785179138184e-01
8.081918358802795410e-01
8.026668429374694824e-01
8.152472972869873047e-01
8.104111552238464355e-01
8.015534877777099609e-01
8.004745244979858398e-01
8.387247920036315918e-01
8.002486824989318848e-01
8.340107798576354980e-01
8.021108508110046387e-01
8.021709322929382324e-01
8.006013035774230957e-01
8.058432340621948242e-01
8.517551422119140625e-01
8.015470504760742188e-01
8.022750616073608398e-01
8.074717521667480469e-01
8.022562265396118164e-01
8.018030524253845215e-01
8.085114955902099609e-01
8.762065172195434570e-01
8.080563545227050781e-01
8.038119077682495117e-01
8.006008863449096680e-01
8.256670236587524414e-01
8.006377816200256348e-01
8.111436367034912109e-01
8.266796469688415527e-01
8.152737617492675781e-01
8.030282855033874512e-01
8.030603528022766113e-01
8.013247251510620117e-01
8.003659844398498535e-01
8.007878065109252930e-01
8.136186003684997559e-01
8.056392669677734375e-01
9.240709543228149414e-01
8.084691762924194336e-01
8.351012468338012695e-01
9.395489096641540527e-01
8.022874593734741211e-01
9.069026708602905273e-01
8.032534718513488770e-01
8.125983476638793945e-01
8.112518191337585449e-01
9.435138106346130371e-01
9.404482841491699219e-01
9.023536443710327148e-01
8.021246790885925293e-01
8.036733865737915039e-01
8.024304509162902832e-01
8.033068180084228516e-01
8.184202313423156738e-01
8.113456368446350098e-01
8.095923066139221191e-01
8.159568905830383301e-01
9.238323569297790527e-01
9.294421076774597168e-01
9.321176409721374512e-01
8.174019455909729004e-01
9.163649082183837891e-01
9.255036711692810059e-01
8.820952177047729492e-01
9.058679342269897461e-01
9.007747769355773926e-01
9.295343160629272461e-01
8.194707632064819336e-01
8.078899383544921875e-01
9.261599779129028320e-01
9.355438947677612305e-01
9.113980531692504883e-01
9.042727351188659668e-01
8.978189826011657715e-01
9.294723272323608398e-01
9.066793322563171387e-01
8.222432732582092285e-01
8.032071590423583984e-01
9.427675604820251465e-01
8.314561843872070312e-01
8.333474397659301758e-01
8.920841217041015625e-01
8.194910883903503418e-01
8.399856090545654297e-01
9.113785624504089355e-01
9.159798026084899902e-01
9.204733371734619141e-01
9.026163816452026367e-01
9.186547994613647461e-01
9.118124246597290039e-01
9.096218943595886230e-01
9.029356241226196289e-01
8.253492116928100586e-01
8.129243850708007812e-01
8.069714903831481934e-01
8.125835061073303223e-01
8.051468133926391602e-01
8.113626837730407715e-01
8.026507496833801270e-01
8.168433308601379395e-01
8.029536008834838867e-01
8.160504698753356934e-01
8.032107353210449219e-01
8.046110868453979492e-01
8.004480600357055664e-01
8.018767237663269043e-01
8.017347455024719238e-01
8.026254773139953613e-01
8.031751513481140137e-01
8.100388646125793457e-01
8.023965954780578613e-01
8.278407454490661621e-01
8.144224882125854492e-01
8.059098720550537109e-01
8.145197629928588867e-01
8.134568333625793457e-01
8.927527666091918945e-01
8.047656416893005371e-01
8.032575845718383789e-01
8.010809421539306641e-01
9.242077469825744629e-01
9.287218451499938965e-01
8.414006829261779785e-01
9.382776021957397461e-01
9.355176687240600586e-01
9.404719471931457520e-01
9.037522077560424805e-01
9.067080020904541016e-01
8.042234182357788086e-01
9.418861865997314453e-01
8.058575391769409180e-01
8.231940865516662598e-01
8.032697439193725586e-01
9.383934736251831055e-01
8.648722171783447266e-01
8.050196170806884766e-01
8.051706552505493164e-01
8.930714130401611328e-01
9.370192885398864746e-01
8.996338248252868652e-01
9.000990390777587891e-01
9.336148500442504883e-01
9.240968227386474609e-01
9.038102030754089355e-01
9.420907497406005859e-01
9.155816435813903809e-01
9.283405542373657227e-01
9.270747900009155273e-01
8.537392020225524902e-01
8.419297933578491211e-01
8.930714130401611328e-01
9.445593357086181641e-01
9.108083248138427734e-01
8.044686913490295410e-01
9.328673481941223145e-01
9.387156963348388672e-01
8.684415817260742188e-01
8.883485198020935059e-01
8.995512723922729492e-01
9.182456135749816895e-01
9.289276599884033203e-01
9.318373203277587891e-01
8.679907917976379395e-01
9.280575513839721680e-01
9.207162857055664062e-01
8.060798645019531250e-01
9.431071281433105469e-01
8.752379417419433594e-01
9.421141743659973145e-01
9.348245859146118164e-01
9.102451205253601074e-01
8.132456541061401367e-01
8.070545196533203125e-01
9.456534981727600098e-01
8.260761499404907227e-01
8.080173134803771973e-01
9.235765337944030762e-01
9.278573393821716309e-01
8.885027766227722168e-01
8.844525814056396484e-01
8.025083541870117188e-01
8.116944432258605957e-01
9.273860454559326172e-01
9.322992563247680664e-01
8.158611655235290527e-01
9.198265075683593750e-01
9.209921360015869141e-01
8.532792925834655762e-01
8.396487236022949219e-01
8.980869650840759277e-01
9.333401322364807129e-01
9.075389504432678223e-01
9.294613003730773926e-01
8.916905522346496582e-01
8.048356175422668457e-01
8.939370512962341309e-01
9.088271260261535645e-01
8.848846554756164551e-01
9.311622977256774902e-01
8.796671628952026367e-01
9.294139146804809570e-01
9.321201443672180176e-01
9.348245859146118164e-01
9.387369751930236816e-01
9.210244417190551758e-01
9.027864933013916016e-01
9.426049590110778809e-01
8.532792925834655762e-01
8.804691433906555176e-01
8.090794682502746582e-01
8.995237350463867188e-01
8.796671628952026367e-01
8.093896508216857910e-01
8.074010014533996582e-01
8.156121373176574707e-01
9.031499028205871582e-01
9.328173995018005371e-01
8.923978805541992188e-01
8.758958578109741211e-01
8.043149113655090332e-01
8.207885622978210449e-01
8.160724043846130371e-01
9.062286615371704102e-01
9.151142835617065430e-01
8.152714967727661133e-01
8.001593947410583496e-01
8.000905513763427734e-01
8.119388818740844727e-01
8.053362965583801270e-01
8.001962304115295410e-01
8.049418926239013672e-01
8.071625828742980957e-01
8.011233806610107422e-01
8.015521764755249023e-01
8.087477087974548340e-01
8.003147840499877930e-01
8.114221096038818359e-01
8.065098524093627930e-01
8.007211685180664062e-01
8.016196489334106445e-01
8.050485849380493164e-01
8.007186651229858398e-01
8.019557595252990723e-01
8.000845313072204590e-01
8.010796308517456055e-01
8.012339472770690918e-01
8.002203702926635742e-01
8.000401258468627930e-01
8.006363511085510254e-01
8.011925816535949707e-01
8.001946210861206055e-01
8.028142452239990234e-01
8.071485757827758789e-01
8.007065653800964355e-01
8.012215495109558105e-01
8.015431761741638184e-01
8.002384901046752930e-01
8.001030683517456055e-01
8.000109195709228516e-01
8.002100586891174316e-01
8.000879883766174316e-01
8.000026941299438477e-01
8.098807930946350098e-01
8.004184365272521973e-01
8.001630306243896484e-01
8.004007339477539062e-01
8.000455498695373535e-01
8.012340068817138672e-01
8.002701401710510254e-01
8.007121086120605469e-01
8.020257353782653809e-01
8.538918495178222656e-01
8.606591820716857910e-01
9.315573573112487793e-01
8.582082986831665039e-01
9.149522185325622559e-01
8.544235825538635254e-01
8.108091950416564941e-01
8.330531120300292969e-01
9.171818494796752930e-01
8.000316619873046875e-01
8.002598881721496582e-01
8.019878864288330078e-01
8.000813126564025879e-01
8.009828925132751465e-01
7.995882034301757812e-01
8.003235459327697754e-01
8.133612871170043945e-01
8.003463745117187500e-01
8.005790114402770996e-01
8.010551929473876953e-01
8.005272746086120605e-01
8.007073998451232910e-01
8.027728796005249023e-01
8.001509904861450195e-01
8.003689050674438477e-01
8.120638132095336914e-01
8.025763034820556641e-01
8.000335693359375000e-01
8.012030124664306641e-01
8.029504418373107910e-01
8.001750707626342773e-01
8.002581000328063965e-01
8.000531196594238281e-01
8.000168800354003906e-01
8.014951944351196289e-01
8.004523515701293945e-01
8.495317101478576660e-01
8.001285195350646973e-01
8.007446527481079102e-01
8.002324700355529785e-01
7.999917268753051758e-01
8.000261783599853516e-01
8.008733391761779785e-01
8.003056049346923828e-01
8.008686304092407227e-01
8.001536726951599121e-01
8.008504509925842285e-01
8.001657724380493164e-01
8.002067208290100098e-01
8.002369999885559082e-01
8.007443547248840332e-01
8.008162379264831543e-01
8.032715916633605957e-01
8.002525568008422852e-01
8.012431263923645020e-01
8.001106977462768555e-01
8.052266240119934082e-01
8.005813360214233398e-01
8.004974722862243652e-01
8.001446723937988281e-01
8.004783987998962402e-01
8.000695705413818359e-01
8.002794981002807617e-01
8.000204563140869141e-01
8.000347614288330078e-01
8.040754199028015137e-01
8.004923462867736816e-01
8.003138303756713867e-01
8.002929091453552246e-01
8.009002208709716797e-01
8.000589609146118164e-01
8.005234003067016602e-01
8.037680983543395996e-01
8.002330064773559570e-01
8.001155853271484375e-01
8.003063797950744629e-01
8.011248111724853516e-01
8.005232810974121094e-01
8.003007769584655762e-01
8.003343939781188965e-01
8.045486211776733398e-01
8.009064793586730957e-01
8.000336885452270508e-01
8.000555038452148438e-01
8.022485375404357910e-01
8.009690642356872559e-01
8.007225990295410156e-01
8.000968098640441895e-01
8.003456592559814453e-01
8.001384139060974121e-01
8.086940050125122070e-01
8.002938032150268555e-01
8.000348210334777832e-01
8.000460863113403320e-01
8.000829815864562988e-01
7.996597886085510254e-01
7.999913096427917480e-01
8.013598918914794922e-01
8.005325198173522949e-01
8.005960583686828613e-01
8.208066225051879883e-01
8.016812801361083984e-01
8.001761436462402344e-01
8.005704879760742188e-01
8.002790808677673340e-01
8.003916144371032715e-01
7.999905347824096680e-01
8.030778169631958008e-01
8.000939488410949707e-01
8.001239895820617676e-01
8.009471297264099121e-01
8.012570738792419434e-01
8.004575371742248535e-01
8.014199733734130859e-01
8.020753264427185059e-01
8.057737350463867188e-01
8.055446147918701172e-01
8.024643659591674805e-01
8.022935390472412109e-01
8.195576667785644531e-01
8.015201091766357422e-01
8.003835678100585938e-01
8.212287425994873047e-01
8.082547783851623535e-01
8.027200102806091309e-01
8.131190538406372070e-01
8.016760945320129395e-01
8.047487139701843262e-01
8.249235153198242188e-01
8.702229261398315430e-01
8.351852297782897949e-01
8.003696203231811523e-01
8.315519690513610840e-01
8.006907701492309570e-01
8.470375537872314453e-01
8.030051589012145996e-01
8.030360341072082520e-01
8.061395287513732910e-01
8.039252758026123047e-01
8.024005889892578125e-01
8.018919229507446289e-01
8.821301460266113281e-01
8.847718834877014160e-01
8.933995962142944336e-01
8.006554841995239258e-01
8.861672282218933105e-01
8.027040958404541016e-01
8.651626706123352051e-01
8.015733361244201660e-01
8.789001107215881348e-01
8.431273102760314941e-01
8.147926926612854004e-01
9.264304041862487793e-01
8.142532110214233398e-01
8.389161825180053711e-01
8.007446527481079102e-01
8.005916476249694824e-01
9.094565510749816895e-01
8.101037740707397461e-01
8.185221552848815918e-01
8.238784074783325195e-01
9.078268408775329590e-01
8.155319094657897949e-01
8.164449930191040039e-01
8.361416459083557129e-01
8.044918775558471680e-01
8.191040754318237305e-01
8.145161867141723633e-01
8.276737332344055176e-01
8.019736409187316895e-01
8.173436522483825684e-01
8.017600774765014648e-01
8.016210198402404785e-01
8.104838132858276367e-01
8.945524692535400391e-01
8.007222414016723633e-01
8.884175419807434082e-01
8.037644624710083008e-01
8.117434382438659668e-01
8.138935565948486328e-01
8.180100321769714355e-01
8.223627209663391113e-01
8.772351145744323730e-01
8.371775150299072266e-01
9.006824493408203125e-01
8.226048946380615234e-01
8.816418647766113281e-01
8.589557409286499023e-01
8.016764521598815918e-01
8.018459081649780273e-01
8.992779850959777832e-01
8.675888776779174805e-01
8.041595816612243652e-01
8.616592288017272949e-01
9.000484347343444824e-01
8.005145788192749023e-01
8.439151048660278320e-01
8.202789425849914551e-01
8.065431714057922363e-01
8.005250692367553711e-01
8.023522496223449707e-01
8.014472723007202148e-01
8.007959127426147461e-01
8.010919094085693359e-01
8.629542589187622070e-01
9.176084995269775391e-01
8.116160631179809570e-01
8.792985677719116211e-01
8.010189533233642578e-01
8.462945818901062012e-01
8.844302892684936523e-01
8.003358840942382812e-01
8.018373250961303711e-01
8.018210530281066895e-01
8.012864589691162109e-01
8.036479353904724121e-01
8.052439689636230469e-01
8.009941577911376953e-01
8.005090951919555664e-01
8.012598752975463867e-01
8.079961538314819336e-01
8.022564649581909180e-01
8.000394701957702637e-01
8.046381473541259766e-01
8.000189661979675293e-01
8.128446340560913086e-01
8.015455007553100586e-01
8.011016249656677246e-01
8.003830313682556152e-01
8.011060357093811035e-01
8.096934556961059570e-01
8.145814538002014160e-01
8.398213982582092285e-01
8.001611232757568359e-01
8.025794029235839844e-01
8.004478812217712402e-01
8.018105626106262207e-01
8.001058101654052734e-01
8.088138103485107422e-01
8.164393901824951172e-01
8.002366423606872559e-01
9.309533834457397461e-01
8.023945689201354980e-01
8.165574073791503906e-01
8.022009730339050293e-01
8.002407550811767578e-01
8.002406358718872070e-01
8.026441335678100586e-01
8.067944645881652832e-01
8.181660175323486328e-01
8.079199194908142090e-01
8.027695417404174805e-01
8.194003105163574219e-01
8.007609248161315918e-01
8.001468777656555176e-01
8.016043901443481445e-01
8.001494407653808594e-01
8.018525242805480957e-01
8.141995072364807129e-01
8.006115555763244629e-01
8.006244897842407227e-01
8.030981421470642090e-01
8.695353865623474121e-01
8.015992641448974609e-01
8.012872934341430664e-01
8.309572339057922363e-01
8.007755875587463379e-01
8.003397583961486816e-01
8.028166294097900391e-01
8.007269501686096191e-01
8.046539425849914551e-01
8.006334900856018066e-01
8.040287494659423828e-01
8.087511062622070312e-01
8.033561706542968750e-01
8.006353974342346191e-01
8.003079295158386230e-01
8.001216053962707520e-01
8.001645207405090332e-01
8.063480854034423828e-01
8.008568286895751953e-01
8.009593486785888672e-01
9.000006318092346191e-01
8.015552759170532227e-01
8.593943715095520020e-01
8.002732992172241211e-01
8.004246950149536133e-01
8.002938628196716309e-01
8.024106621742248535e-01
8.165652155876159668e-01
8.004440665245056152e-01
8.037109375000000000e-01
8.014400601387023926e-01
8.060932755470275879e-01
8.003383874893188477e-01
8.009624481201171875e-01
8.000346422195434570e-01
8.007907867431640625e-01
8.006049394607543945e-01
8.233906030654907227e-01
8.033555746078491211e-01
8.413548469543457031e-01
8.098723888397216797e-01
8.016567230224609375e-01
8.025271892547607422e-01
8.010779023170471191e-01
8.417750000953674316e-01
8.012573122978210449e-01
8.001995682716369629e-01
8.013963699340820312e-01
8.001190423965454102e-01
8.006970882415771484e-01
8.000414967536926270e-01
8.040124773979187012e-01
8.000753521919250488e-01
8.099722266197204590e-01
8.014335632324218750e-01
8.403645753860473633e-01
7.999684810638427734e-01
8.000000715255737305e-01
8.000000119209289551e-01
8.006469607353210449e-01
8.000000119209289551e-01
7.999638319015502930e-01
8.000367879867553711e-01
7.941774129867553711e-01
8.008215427398681641e-01
8.051417469978332520e-01
8.016251921653747559e-01
8.003174662590026855e-01
8.000000119209289551e-01
8.000000119209289551e-01
8.004364371299743652e-01
8.092869520187377930e-01
8.008795976638793945e-01
8.000000119209289551e-01
7.999137639999389648e-01
7.998849749565124512e-01
8.003422617912292480e-01
7.999999523162841797e-01
8.000007271766662598e-01
8.148050904273986816e-01
7.946348190307617188e-01
8.000008463859558105e-01
8.116722106933593750e-01
8.000000119209289551e-01
8.000305891036987305e-01
8.000000715255737305e-01
8.002150058746337891e-01
8.000000119209289551e-01
7.999936938285827637e-01
8.063203096389770508e-01
8.117752671241760254e-01
8.001565337181091309e-01
8.002150654792785645e-01
8.052113056182861328e-01
8.000000119209289551e-01
8.000000119209289551e-01
8.086825013160705566e-01
8.009383082389831543e-01
8.000000119209289551e-01
8.058921694755554199e-01
8.000029921531677246e-01
8.181978464126586914e-01
8.022685050964355469e-01
8.000437617301940918e-01
8.000025749206542969e-01
8.000032901763916016e-01
8.000000119209289551e-01
7.998637557029724121e-01
8.000000715255737305e-01
8.016784191131591797e-01
8.806325197219848633e-01
8.440423011779785156e-01
8.898998498916625977e-01
8.001209497451782227e-01
8.233402967453002930e-01
8.944256305694580078e-01
8.938996791839599609e-01
8.562688231468200684e-01
8.499189019203186035e-01
8.923732042312622070e-01
8.000609278678894043e-01
8.505311012268066406e-01
8.135081529617309570e-01
8.000272512435913086e-01
9.207966327667236328e-01
8.248731493949890137e-01
8.000766634941101074e-01
8.000146746635437012e-01
8.632739186286926270e-01
8.754949569702148438e-01
9.183052778244018555e-01
8.000330924987792969e-01
7.987983822822570801e-01
8.572431206703186035e-01
7.999293208122253418e-01
8.000242114067077637e-01
8.893727660179138184e-01
8.016759157180786133e-01
8.817618489265441895e-01
8.789780139923095703e-01
8.063547015190124512e-01
8.015335202217102051e-01
8.001105785369873047e-01
8.001331090927124023e-01
8.002005219459533691e-01
8.000093698501586914e-01
8.057383298873901367e-01
8.132663369178771973e-01
9.414336085319519043e-01
9.139637947082519531e-01
8.168674707412719727e-01
9.209979772567749023e-01
9.209509491920471191e-01
8.262281417846679688e-01
9.151322245597839355e-01
9.118645787239074707e-01
8.711396455764770508e-01
8.000360131263732910e-01
8.175646066665649414e-01
8.488535881042480469e-01
8.963837623596191406e-01
8.028951883316040039e-01
8.007695674896240234e-01
8.130560517311096191e-01
8.024241924285888672e-01
8.002704977989196777e-01
8.025715351104736328e-01
8.027431368827819824e-01
8.047621250152587891e-01
8.006146550178527832e-01
8.386954665184020996e-01
8.020012974739074707e-01
8.008513450622558594e-01
8.014426231384277344e-01
8.002124428749084473e-01
8.149911165237426758e-01
8.094262480735778809e-01
8.003526329994201660e-01
8.006074428558349609e-01
8.106864094734191895e-01
8.035583496093750000e-01
8.761389851570129395e-01
8.206522464752197266e-01
8.116958737373352051e-01
8.028077483177185059e-01
8.088840246200561523e-01
8.102778792381286621e-01
8.021695613861083984e-01
8.430130481719970703e-01
8.279861211776733398e-01
8.233817219734191895e-01
8.160936236381530762e-01
8.206804394721984863e-01
8.061547279357910156e-01
8.180537819862365723e-01
8.529707789421081543e-01
8.536394238471984863e-01
8.151596784591674805e-01
8.103587627410888672e-01
8.290337920188903809e-01
8.070927262306213379e-01
8.220400214195251465e-01
8.253737092018127441e-01
8.119120001792907715e-01
8.065335154533386230e-01
8.011615872383117676e-01
8.004699349403381348e-01
8.056474924087524414e-01
8.024224042892456055e-01
8.004679679870605469e-01
8.000388741493225098e-01
8.345488309860229492e-01
8.033287525177001953e-01
8.000792264938354492e-01
8.026896715164184570e-01
8.072707056999206543e-01
8.017435669898986816e-01
8.004048466682434082e-01
8.052074909210205078e-01
8.020322322845458984e-01
8.172125816345214844e-01
8.010437488555908203e-01
8.034068942070007324e-01
8.049719929695129395e-01
8.013522624969482422e-01
8.000482320785522461e-01
8.003907203674316406e-01
8.227978944778442383e-01
8.038737773895263672e-01
8.003715276718139648e-01
8.078475594520568848e-01
8.091515898704528809e-01
8.014054894447326660e-01
8.060296177864074707e-01
8.049208521842956543e-01
8.066116571426391602e-01
8.043476939201354980e-01
8.106976151466369629e-01
8.015463352203369141e-01
8.056558370590209961e-01
8.028398156166076660e-01
8.224003911018371582e-01
8.141970038414001465e-01
8.036596179008483887e-01
8.033534884452819824e-01
8.003649115562438965e-01
8.018714785575866699e-01
8.063933253288269043e-01
8.024767637252807617e-01
8.011565208435058594e-01
8.062288761138916016e-01
8.004691600799560547e-01
8.000168800354003906e-01
8.005619645118713379e-01
8.016949295997619629e-01
8.242273926734924316e-01
8.007186651229858398e-01
8.011108040809631348e-01
8.020765185356140137e-01
8.108716607093811035e-01
8.052173256874084473e-01
8.096043467521667480e-01
8.063191771507263184e-01
8.077927827835083008e-01
8.001717329025268555e-01
8.000546097755432129e-01
8.058120012283325195e-01
8.054159283638000488e-01
8.121672868728637695e-01
8.007835149765014648e-01
8.047204017639160156e-01
8.014583587646484375e-01
8.448281884193420410e-01
8.463599085807800293e-01
8.022482991218566895e-01
8.012131452560424805e-01
8.046703934669494629e-01
8.035331368446350098e-01
8.083291053771972656e-01
8.100133538246154785e-01
8.370114564895629883e-01
8.015785217285156250e-01
8.072558641433715820e-01
8.015221357345581055e-01
8.001714348793029785e-01
8.104106783866882324e-01
8.065978884696960449e-01
8.048191070556640625e-01
8.030546903610229492e-01
8.063381314277648926e-01
8.153756260871887207e-01
8.007440567016601562e-01
8.529875278472900391e-01
8.008137345314025879e-01
8.062824010848999023e-01
8.021513819694519043e-01
8.103025555610656738e-01
8.005921244621276855e-01
8.025485277175903320e-01
8.008328676223754883e-01
8.002730011940002441e-01
8.081626892089843750e-01
8.064911961555480957e-01
8.000069260597229004e-01
8.008159399032592773e-01
8.070918917655944824e-01
8.484615087509155273e-01
8.002234697341918945e-01
8.821842670440673828e-01
8.115533590316772461e-01
9.112961292266845703e-01
9.264998435974121094e-01
8.966823220252990723e-01
8.475156426429748535e-01
8.020804524421691895e-01
8.000718355178833008e-01
8.539606332778930664e-01
8.901914358139038086e-01
8.683491945266723633e-01
8.041453361511230469e-01
8.427773714065551758e-01
8.063731193542480469e-01
8.029543757438659668e-01
8.068763017654418945e-01
8.007560372352600098e-01
8.370779752731323242e-01
8.684310913085937500e-01
8.440177440643310547e-01
8.602374792098999023e-01
8.384423255920410156e-01
8.112332224845886230e-01
8.016344904899597168e-01
8.337622284889221191e-01
8.669707775115966797e-01
8.876349925994873047e-01
8.342185020446777344e-01
8.647620677947998047e-01
8.039382100105285645e-01
8.018796443939208984e-01
8.006309270858764648e-01
9.174611568450927734e-01
8.260864019393920898e-01
9.243313670158386230e-01
8.011349439620971680e-01
8.761209249496459961e-01
8.020697832107543945e-01
8.000264167785644531e-01
8.713390827178955078e-01
8.219997286796569824e-01
9.206126928329467773e-01
8.013454079627990723e-01
8.013504743576049805e-01
8.069307208061218262e-01
8.020122647285461426e-01
8.417943120002746582e-01
8.476102352142333984e-01
8.207750320434570312e-01
8.742997646331787109e-01
8.005251288414001465e-01
8.389828205108642578e-01
8.012864589691162109e-01
8.702741265296936035e-01
8.014235496520996094e-01
8.000444173812866211e-01
9.161947369575500488e-01
8.631094098091125488e-01
8.008366227149963379e-01
8.011019825935363770e-01
8.768125176429748535e-01
8.415688872337341309e-01
9.069223999977111816e-01
8.281846046447753906e-01
9.068645834922790527e-01
8.037303090095520020e-01
8.445899486541748047e-01
8.041707873344421387e-01
8.135056495666503906e-01
8.656013607978820801e-01
8.259413242340087891e-01
8.489740490913391113e-01
8.686238527297973633e-01
8.015625476837158203e-01
8.000041842460632324e-01
8.152847290039062500e-01
8.551300168037414551e-01
8.951680660247802734e-01
8.648858070373535156e-01
8.062200546264648438e-01
8.358612060546875000e-01
8.284857273101806641e-01
8.284367918968200684e-01
8.409444093704223633e-01
8.026629090309143066e-01
8.948376178741455078e-01
8.409733772277832031e-01
8.429428339004516602e-01
8.323041796684265137e-01
8.602997064590454102e-01
8.053746819496154785e-01
8.753532171249389648e-01
8.934386372566223145e-01
8.474076390266418457e-01
8.594765067100524902e-01
8.586499094963073730e-01
8.571772575378417969e-01
8.754989504814147949e-01
8.265076279640197754e-01
8.850296735763549805e-01
8.254565000534057617e-01
8.554710149765014648e-01
8.006732463836669922e-01
8.712937831878662109e-01
8.491400480270385742e-01
8.003770709037780762e-01
8.005766272544860840e-01
8.005267381668090820e-01
8.003955483436584473e-01
8.005761504173278809e-01
8.016560077667236328e-01
8.221492171287536621e-01
8.016220331192016602e-01
8.014413714408874512e-01
8.038970828056335449e-01
8.000001311302185059e-01
8.038284778594970703e-01
8.001028895378112793e-01
8.004309535026550293e-01
8.000750541687011719e-01
8.001039028167724609e-01
8.004054427146911621e-01
8.064616918563842773e-01
8.087548613548278809e-01
8.002968430519104004e-01
8.000609874725341797e-01
8.004222512245178223e-01
8.001748323440551758e-01
8.724039196968078613e-01
8.027153015136718750e-01
8.000431060791015625e-01
8.005540370941162109e-01
8.108927607536315918e-01
8.102912902832031250e-01
8.001019954681396484e-01
8.001454472541809082e-01
8.008444309234619141e-01
8.560121655464172363e-01
8.017234206199645996e-01
8.098874688148498535e-01
8.084841370582580566e-01
8.094807267189025879e-01
8.000054359436035156e-01
8.008630871772766113e-01
8.001852631568908691e-01
8.010340332984924316e-01
8.032109737396240234e-01
8.014227151870727539e-01
8.002831339836120605e-01
8.013752102851867676e-01
8.003275990486145020e-01
8.059527277946472168e-01
8.117271065711975098e-01
8.001381158828735352e-01
8.825798034667968750e-01
8.092543482780456543e-01
8.000468015670776367e-01
8.083240985870361328e-01
8.008152246475219727e-01
8.002262711524963379e-01
8.016487360000610352e-01
8.271908164024353027e-01
8.001480698585510254e-01
8.024850487709045410e-01
8.089635968208312988e-01
8.007999062538146973e-01
8.000287413597106934e-01
8.005247712135314941e-01
8.001614809036254883e-01
8.017476797103881836e-01
8.000743389129638672e-01
8.009926080703735352e-01
8.007838726043701172e-01
8.001332283020019531e-01
8.001375794410705566e-01
8.007571101188659668e-01
8.004444837570190430e-01
8.002530336380004883e-01
8.008892536163330078e-01
8.007134795188903809e-01
8.006107211112976074e-01
8.002515435218811035e-01
8.050805330276489258e-01
8.001343011856079102e-01
8.000167608261108398e-01
8.000918030738830566e-01
8.189340829849243164e-01
8.041239976882934570e-01
8.053358793258666992e-01
8.004851341247558594e-01
8.001802563667297363e-01
8.012669682502746582e-01
8.000603914260864258e-01
8.003975749015808105e-01
8.023036122322082520e-01
8.100337982177734375e-01
8.001464009284973145e-01
8.009750843048095703e-01
8.020148277282714844e-01
8.003682494163513184e-01
8.645942807197570801e-01
8.000187873840332031e-01
8.003473281860351562e-01
8.010148406028747559e-01
8.094996213912963867e-01
8.015180230140686035e-01
8.003633618354797363e-01
8.918650150299072266e-01
8.211640715599060059e-01
8.000157475471496582e-01
8.071480393409729004e-01
8.023162484169006348e-01
8.008149862289428711e-01
8.821876049041748047e-01
8.865972757339477539e-01
8.002037405967712402e-01
8.004582524299621582e-01
8.002437353134155273e-01
8.060382604598999023e-01
8.003706336021423340e-01
8.019096255302429199e-01
8.018712997436523438e-01
8.298666477203369141e-01
8.000485897064208984e-01
8.014547824859619141e-01
8.002675175666809082e-01
8.034384846687316895e-01
8.023975491523742676e-01
8.027455806732177734e-01
8.004325032234191895e-01
8.003808259963989258e-01
8.157675266265869141e-01
8.706843852996826172e-01
8.000000119209289551e-01
8.000011444091796875e-01
8.000000119209289551e-01
8.000002503395080566e-01
8.000000119209289551e-01
8.000881075859069824e-01
8.056288957595825195e-01
8.000017404556274414e-01
8.003310561180114746e-01
8.003107905387878418e-01
8.000000119209289551e-01
8.157186508178710938e-01
8.000782728195190430e-01
8.000155687332153320e-01
8.000016808509826660e-01
8.000004887580871582e-01
7.999665141105651855e-01
7.999999523162841797e-01
7.999973893165588379e-01
8.285974264144897461e-01
8.000512719154357910e-01
8.000000715255737305e-01
7.993145585060119629e-01
8.000000119209289551e-01
8.000135421752929688e-01
7.999999523162841797e-01
8.000000715255737305e-01
8.002338409423828125e-01
8.000055551528930664e-01
8.000000715255737305e-01
8.000476360321044922e-01
8.000004291534423828e-01
8.125047087669372559e-01
8.000153899192810059e-01
8.000035285949707031e-01
8.000000119209289551e-01
8.000158667564392090e-01
8.000117540359497070e-01
8.000001907348632812e-01
8.000004887580871582e-01
8.000481724739074707e-01
8.022722005844116211e-01
8.000001311302185059e-01
8.000601530075073242e-01
8.018639087677001953e-01
8.000000119209289551e-01
8.000013232231140137e-01
8.000295758247375488e-01
8.000006675720214844e-01
8.000000119209289551e-01
8.000141382217407227e-01
8.341253399848937988e-01
8.000000119209289551e-01
8.061663508415222168e-01
7.999995946884155273e-01
8.000012040138244629e-01
8.015127778053283691e-01
8.000000715255737305e-01
8.000420331954956055e-01
8.000001311302185059e-01
8.183296918869018555e-01
8.000000715255737305e-01
7.999131083488464355e-01
8.000059723854064941e-01
8.000020980834960938e-01
8.000001311302185059e-01
8.000000715255737305e-01
8.114745020866394043e-01
8.257609605789184570e-01
8.000267148017883301e-01
8.024225234985351562e-01
8.341764807701110840e-01
8.774261474609375000e-01
8.100543618202209473e-01
8.000000119209289551e-01
8.632050156593322754e-01
8.000051975250244141e-01
8.004927635192871094e-01
8.083360195159912109e-01
8.000000119209289551e-01
8.000000119209289551e-01
8.090716600418090820e-01
8.399556875228881836e-01
8.012640476226806641e-01
8.000429272651672363e-01
8.000081777572631836e-01
8.000000119209289551e-01
8.000000119209289551e-01
8.000000119209289551e-01
8.000000119209289551e-01
8.413788080215454102e-01
8.107405304908752441e-01
8.000013828277587891e-01
7.999088168144226074e-01
8.000000119209289551e-01
8.131192326545715332e-01
8.000000119209289551e-01
7.999999523162841797e-01
8.000388741493225098e-01
8.046285510063171387e-01
7.999992966651916504e-01
8.448883891105651855e-01
8.089478611946105957e-01
8.025832772254943848e-01
8.090703487396240234e-01
8.175139427185058594e-01
8.200950622558593750e-01
8.081199526786804199e-01
8.032628893852233887e-01
8.009929060935974121e-01
8.016935586929321289e-01
8.009299635887145996e-01
8.008601069450378418e-01
8.077085614204406738e-01
8.022924661636352539e-01
8.134263157844543457e-01
8.028405904769897461e-01
8.050860762596130371e-01
8.030763268470764160e-01
8.317023515701293945e-01
8.143441081047058105e-01
8.082644343376159668e-01
8.120160698890686035e-01
8.002529144287109375e-01
8.035377264022827148e-01
8.014250993728637695e-01
8.015064001083374023e-01
8.019504547119140625e-01
8.060620427131652832e-01
8.034936189651489258e-01
8.038681745529174805e-01
8.021525144577026367e-01
8.100172877311706543e-01
8.181781172752380371e-01
8.003027439117431641e-01
8.028174042701721191e-01
8.054816126823425293e-01
8.184961080551147461e-01
8.015509843826293945e-01
8.000001311302185059e-01
8.028241991996765137e-01
8.000043034553527832e-01
8.003410100936889648e-01
8.000138401985168457e-01
8.000655770301818848e-01
8.000798225402832031e-01
8.005325794219970703e-01
8.002682924270629883e-01
8.072558641433715820e-01
8.526800870895385742e-01
8.320035338401794434e-01
8.113532066345214844e-01
8.147940039634704590e-01
8.833168148994445801e-01
8.013736009597778320e-01
8.041999936103820801e-01
8.397998809814453125e-01
8.032566308975219727e-01
8.101364970207214355e-01
8.643069863319396973e-01
8.632874488830566406e-01
8.196843266487121582e-01
8.563836812973022461e-01
8.739234209060668945e-01
8.315123319625854492e-01
9.284280538558959961e-01
8.041179180145263672e-01
8.151121735572814941e-01
8.202942609786987305e-01
8.766723275184631348e-01
8.403637409210205078e-01
8.025524616241455078e-01
8.098919391632080078e-01
8.127887248992919922e-01
8.680888414382934570e-01
8.087852597236633301e-01
8.089910745620727539e-01
9.079816341400146484e-01
8.870666027069091797e-01
8.123318552970886230e-01
8.292977809906005859e-01
8.194618821144104004e-01
8.222140073776245117e-01
8.269113302230834961e-01
8.145853281021118164e-01
8.122911453247070312e-01
8.382197618484497070e-01
8.194818496704101562e-01
9.009834527969360352e-01
8.040302991867065430e-01
8.111174106597900391e-01
8.309505581855773926e-01
8.078327178955078125e-01
8.193829655647277832e-01
8.025161623954772949e-01
8.027595281600952148e-01
8.142012357711791992e-01
8.239633440971374512e-01
8.222185969352722168e-01
8.168653845787048340e-01
8.058754205703735352e-01
8.107535243034362793e-01
8.795064687728881836e-01
8.568565249443054199e-01
8.221398591995239258e-01
8.044455051422119141e-01
8.213135600090026855e-01
8.798138499259948730e-01
8.601536750793457031e-01
9.095769524574279785e-01
8.342533111572265625e-01
8.110733032226562500e-01
8.084815144538879395e-01
8.279378414154052734e-01
8.228944540023803711e-01
8.439962267875671387e-01
8.772405385971069336e-01
8.064897656440734863e-01
8.072586655616760254e-01
8.227759003639221191e-01
8.234961628913879395e-01
8.388146162033081055e-01
8.257173299789428711e-01
8.317415714263916016e-01
8.581109642982482910e-01
8.266834020614624023e-01
8.172503709793090820e-01
8.214491009712219238e-01
8.768000602722167969e-01
8.280386328697204590e-01
8.783854246139526367e-01
8.828057646751403809e-01
8.068929314613342285e-01
8.752440810203552246e-01
8.022949695587158203e-01
8.132061362266540527e-01
8.101594448089599609e-01
8.762311339378356934e-01
8.430604338645935059e-01
8.163814544677734375e-01
8.186050653457641602e-01
8.341693878173828125e-01
8.374938964843750000e-01
8.110553622245788574e-01
8.190971612930297852e-01
8.093832135200500488e-01
8.594220280647277832e-01
8.186026811599731445e-01
8.439186215400695801e-01
8.772709965705871582e-01
8.399029970169067383e-01
8.176687955856323242e-01
8.925830125808715820e-01
8.011031150817871094e-01
8.151979446411132812e-01
8.032606244087219238e-01
8.000476360321044922e-01
8.008769750595092773e-01
8.002234101295471191e-01
8.222840428352355957e-01
8.013057112693786621e-01
8.810971379280090332e-01
8.008902668952941895e-01
8.000223636627197266e-01
8.001258373260498047e-01
8.001443743705749512e-01
8.286878466606140137e-01
8.073047399520874023e-01
8.098807334899902344e-01
8.007134795188903809e-01
8.107606768608093262e-01
8.444167971611022949e-01
8.370719552040100098e-01
8.013776540756225586e-01
8.000656962394714355e-01
8.035249710083007812e-01
8.001676797866821289e-01
8.000563979148864746e-01
8.001641631126403809e-01
8.440696597099304199e-01
8.002675175666809082e-01
8.001166582107543945e-01
8.000116348266601562e-01
8.001472353935241699e-01
8.007468581199645996e-01
8.001345396041870117e-01
8.000958561897277832e-01
8.002515435218811035e-01
8.000068664550781250e-01
8.007178902626037598e-01
8.002012372016906738e-01
8.000050187110900879e-01
8.006806373596191406e-01
8.152609467506408691e-01
8.000068068504333496e-01
8.001188039779663086e-01
8.013765215873718262e-01
8.000116944313049316e-01
8.001405596733093262e-01
8.001232147216796875e-01
8.012060523033142090e-01
8.000128269195556641e-01
8.201790452003479004e-01
8.073055148124694824e-01
8.265188932418823242e-01
8.426734209060668945e-01
8.208003640174865723e-01
8.077160120010375977e-01
8.011035919189453125e-01
8.080013394355773926e-01
8.027054667472839355e-01
8.250089287757873535e-01
9.204400777816772461e-01
8.124597072601318359e-01
8.135250210762023926e-01
8.209116458892822266e-01
8.012163639068603516e-01
8.122555017471313477e-01
8.067573904991149902e-01
8.087103366851806641e-01
8.594085574150085449e-01
8.053584694862365723e-01
8.067310452461242676e-01
8.120711445808410645e-01
8.320572972297668457e-01
8.083142042160034180e-01
8.120210766792297363e-01
8.004227876663208008e-01
8.077836036682128906e-01
8.124746680259704590e-01
8.105050921440124512e-01
8.140952587127685547e-01
8.042778372764587402e-01
8.182975053787231445e-01
8.108192682266235352e-01
8.080515265464782715e-01
8.541277647018432617e-01
8.011531829833984375e-01
8.091882467269897461e-01
8.110465407371520996e-01
8.270421624183654785e-01
8.295034170150756836e-01
9.235164523124694824e-01
8.475050926208496094e-01
8.043552041053771973e-01
8.302559256553649902e-01
8.198295831680297852e-01
8.017359375953674316e-01
8.045023679733276367e-01
8.027872443199157715e-01
8.166472315788269043e-01
8.014271259307861328e-01
8.106640577316284180e-01
8.165864944458007812e-01
8.007451295852661133e-01
8.138743638992309570e-01
8.052121400833129883e-01
8.044335246086120605e-01
8.100699782371520996e-01
8.036121726036071777e-01
8.336716294288635254e-01
8.046568036079406738e-01
8.073943257331848145e-01
8.334543108940124512e-01
8.274155259132385254e-01
8.045172691345214844e-01
8.484766483306884766e-01
8.027943968772888184e-01
8.039008975028991699e-01
8.033632040023803711e-01
8.122738599777221680e-01
8.124317526817321777e-01
8.018490672111511230e-01
8.241741061210632324e-01
8.124906420707702637e-01
8.031941652297973633e-01
8.213445544242858887e-01
8.067345023155212402e-01
8.374922275543212891e-01
8.589754104614257812e-01
8.275231719017028809e-01
8.128176331520080566e-01
8.008949756622314453e-01
8.124867677688598633e-01
8.374763131141662598e-01
8.080990910530090332e-01
8.114705085754394531e-01
8.340816497802734375e-01
8.093893527984619141e-01
8.090474605560302734e-01
8.181899189949035645e-01
8.126440048217773438e-01
8.114746212959289551e-01
